0.8
0.7
0.7
0.9
1
1
1
1
0.9451647269
0.9242951104
0.8878047762
0.8726127309
0.847122624
0.8328276587
0.8287068282
0.8099378854
0.8161812438
0.7998387734
0.7838475834
0.7615343701
0.7480656073
0.7428249326
0.7163481244
0.6930852452
0.6648656064
0.6481859092
0.6481859092
0.6481859092
0.6481859092
0.6481859092
0.6481859092
0.6481859092
0.6481859092
0.6481859092
0.6481859092
0.6481859092
0.6481859092
0.6481859092
0.6481859092
0.6481859092
0.6481859092
0.6481859092
0.6481859092
0.6481859092
0.6481859092
0.6481859092
0.6481859092
0.6481859092
0.6481859092
0.6481859092
0.6481859092
