0
0
0
0
0
0
4
0
5.5
326.5
776.5
1285
1855
1502.5
1051
252.5
1
0.5
0
0
0
0
0
0
0
0
0
0
0
0
0
0
4.5
46
176
337
479
510.5
228.5
27.5
10.5
3.5
0
0
0
0
0
0
0
0
0
0
0
0
0
0
16.5
604
1415
1785
2010
1531
771.5
102
7
5
0.5
0
0
0
0
0
0
0
0
0
0
0
0
0
64
180
657.5
969.5
1150
1310
892
271
0.5
0
0
0
0
0
0
0
0
0
0
0
0
0
0
0
29
499.5
1265
1885
2045
1511.5
1052
220
5
5
2
0
0
0
0
0
0
0
0
0
0
0
0
0
71.75
459
1275
1785
1765
1598.5
922.5
243.5
6
1
0.5
0
0
0
0
0
0
0
0
0
0
0
0
0
116.5
1218
2690
3675
4170
3257.5
2595
784.5
15.5
2
0.5
0
0
0
0
0
0
0
0
0
0
0
0
0
30
496.5
1090
1255
1130
1049.5
379
48.5
0
0
0
0
0
0
0
0
0
0
0
0
0
0
0
1
50
42.5
180.5
291
351
552
144
24.5
0
0
0
0
0
0
0
0
0
0
0
0
0
0
0
0
90.5
852
1850
2480
2880
2180.5
1595
534.5
9
2.5
0
0
0
0
0
0
0
0
0
0
0
0
0
0
40.5
433
1093
1625
1795
1524.5
1032.5
326
10
0.5
0
0
0
0
0
0
0
0
0
0
0
0
0
0
35.5
317.5
727
1095
1160
1270.5
665
183.75
1.5
0
0
0
0
0
0
0
0
0
0
0
0
0
0
1.5
27
201
493
722.5
715.5
554.5
336
90.5
1.5
0
0
0
0
0
0
0
0
0
0
0
0
0
0
0
19.5
220
651.5
1000
1170
1005.5
604.5
183.5
3.5
1
0
0
0
0
0
0
0
0
0
0
0
0
1.5
0
12.5
160
528.5
955
1295
1198.5
1149
516.5
16.5
0.5
0
0
0
0
0
0
0
0
0
0
0
0
0
0
195
1229
2385
3165
3095
2085
1078
290
7.5
3.5
0
0
0
0
0
0
0
0
0
0
0
0
0
0
239
1555
2870
3665
3495
2526
1760
611
13.5
0.5
0.5
0
0
0
0
0
0
0
0
0
0
0
1.5
0.5
236.5
1355
2555
2965
2420
1951.5
1390
563.5
34
5
3.5
1
0
0
0
0
0
0
0
0
0
0
1.5
1
339.5
1685
3045
3780
3745
2746.5
1970
763.5
28.5
0
0
0
0
0
0
0
0
0
0
0
0
0
0
1.5
22.5
237
589
819
823.5
681
768.5
418.5
20.5
1
0.5
0
0
0
0
0
0
0
0
0
0
0
0
0
16
147
319
382
352.5
258.5
174
46.5
1.5
0
0
0
0
0
0
0
0
0
0
0
0
0
0
0
92.5
811
1730
2395
2320
1938.5
1083
316.5
17.5
5
0.5
0
0
0
0
0
0
0
0
0
0
0
1
0
18.5
193
391.5
884
1115
1059.5
732.5
291.5
16.5
0.5
0
0
0
0
0
0
0
0
0
0
0
0
0
0
19
156.5
420
634.5
762
992.5
810.5
412.5
45
0
0
0
0
0
0
0
0
0
0
0
0
0
0
0
314.5
1745
3210
3790
3640
2777.5
1955
811.5
74
3
1
0.5
0
0
0
0
0
0
0
0
0
0
1.5
0.5
186.5
1034.5
2190
3145
3400
2810
2170
792
54.5
4.5
1.5
0.5
0
0
0
0
0
0
0
0
0
0
1.5
15
191.5
601.5
877.5
790.5
679.5
537.5
433.5
198
13.5
0
0
0
0
0
0
0
0
0
0
0
0
0
0
0
108.5
680
1515
1865
1955
1350
1121.5
437
42.5
0
0
0
0
0
0
0
0
0
0
0
0
0
0
1.5
127
553
853
1160
1510
1403.5
1695
1064
151
15.4
6.6
0
0
0
0
0
0
0
0
0
0
0
0
5
493.5
1860
3145
3760
3810
3067.5
1775
729.5
76.5
7
0
0
0
0
0
0
0
0
0
0
0
0
1
1
83.5
656
1490
2240
2660
2547
2440
1302.5
196
5.5
0
0.5
0
0
0
0
0
0
0
0
0
0
0.5
6
605.5
2030
3400
4185
4110
3237.5
2335
1230.5
228
2.5
1
0
0
0
0
0
0
0
0
0
0
0
1.5
2.5
365.5
1545
2870
3820
3580
3088.5
2250
1138.5
185.5
5
1.5
0
0
0
0
0
0
0
0
0
0
0
1
12
83.5
414.5
885
1150
1130
901.5
768
437
78.5
4.5
3
1.5
0
0
0
0
0
0
0
0
0
0
0
4
460.5
1775
3100
3880
3465
2926.5
1735
935
183
8.5
3
0
0
0
0
0
0
0
0
0
0
0
0
7
510.5
1645
2660
3230
3135
3033.5
1935
1070.5
217.5
1
0.5
0
0
0
0
0
0
0
0
0
0
0
0
4.5
399.5
1380
2235
2740
2715
2544
1640
886
186.5
3.5
0.5
0.5
0
0
0
0
0
0
0
0
0
0
1.5
14
861.5
2610
4115
5190
5320
4291
2875
1270
195
3
0.5
0
0
0
0
0
0
0
0
0
0
0
1.5
34
615
1505
2150
2420
2110
1444.5
1053.5
526.5
95
5
2
0
0
0
0
0
0
0
0
0
0
0
1.5
6
415
1400
2500
3200
3555
3437
3095
1995
578
16.5
0.5
0.5
0
0
0
0
0
0
0
0
0
0
0
53
300.5
655.5
1019.5
1200
1185
734.75
875.5
438.5
81.5
0
0
0
0
0
0
0
0
0
0
0
0
0
0
63.5
1081.5
2740
3775
4195
4080
3551.5
2940
1685
533
27.5
12
0
0
0
0
0
0
0
0
0
0
0
1.5
78
1278.5
3040
4525
5265
5205
4310
3355
2150
672.5
6.5
2
1
0
0
0
0
0
0
0
0
0
0
2.5
20.5
233
598
1031
1465
1765
1713.5
1825
1555
644.5
11.5
1
0.5
0
0
0
0
0
0
0
0
0
0
0
71
553.5
1085
1235
1160
998.5
783
481.5
204
34
7
3.5
0
0
0
0
0
0
0
0
0
0
0
0
72.5
1209.5
2805
4280
5390
5620
5085
4200
2570
903.5
24
9
0
0
0
0
0
0
0
0
0
0
0
1
154
1645
3395
4725
5540
5465
5043
3695
1980
545.5
14.5
3
2
0.5
0
0
0
0
0
0
0
0
0
1
123.5
897
2080
3360
4240
4495
3950.5
3350
2160
693
21
5.5
0.5
0
0
0
0
0
0
0
0
0
0
0.5
75
692.5
1390
2185
2630
2610
2288
1290
674
186
4
1
0
0
0
0
0
0
0
0
0
0
0
1.5
6
122.5
393.5
702.5
1062
1260
1465
970.5
572.5
210.5
8.5
0
0
0
0
0
0
0
0
0
0
0
0
0
82.5
998
2190
3160
3795
4370
4536
3480
2240
919
60.5
5
1.5
0
0
0
0
0
0
0
0
0
0
0.5
114.5
908.5
1955
2820
3290
3290
3447
2290
1485
586
34
4.5
1
0
0
0
0
0
0
0
0
0
0
1.5
98.5
888
2000
2695
3250
3690
4104.5
3290
2405
1005
53
1.5
0
0
0
0
0
0
0
0
0
0
0
1
205.5
1435
2930
4135
4420
4535
4732.5
3700
2470
1012.5
58
5.5
3
0
0
0
0
0
0
0
0
0
0
1
350
1880
3735
5445
6670
7070
6453.5
5360
3670
1600
151.5
8
2
0
0
0
0
0
0
0
0
0
0
2.5
328
2015
3930
5600
6855
7280
6721.5
5805
4070
1940
182
13
9.5
0
0
0
0
0
0
0
0
0
0
4
212
1375
2700
3545
3710
3600
4133.5
2805
1860
834.5
81.5
2.5
0.5
0
0
0
0
0
0
0
0
0
0
0.5
213
1181
2200
2905
3525
4197.5
4390
3365
2450
1176.5
122
3
0.5
0
0
0
0
0
0
0
0
0
0
2
126
833
1840
2890
3480
3610
4448
3020
2105
944
99
2
0
0
0
0
0
0
0
0
0
0
0
11.5
33
215
464.5
787.5
804.5
820
1383
730.5
446
168.5
8
1.5
0
0
0
0
0
0
0
0
0
0
0.5
0
70
333.5
640.5
1050
1105
1115
1343.5
771
466.5
180
15
4.5
0.5
0
0
0
0
0
0
0
0
0
0
0
72.5
316.5
732
1355
1622.5
1750
2177
1115
723
289
34.5
3
0.5
2
4.5
1.5
0
0
0
0
0
0
0.5
2
202
822
1515
1880
2205
2315
2824.5
1880
1325
638.5
86.5
0
0
0
0
0
0
0
0
0
0
0
0
4.5
295.5
1144
1970
2670
2915
2985
2868
1690
935.5
391.5
43.5
1
0.5
0
0
0
0
0
0
0
0
0
0
3.5
227
950
1800
2760
3175
3035
3317.5
2565
1890
939
148
2
0.5
0
0
0
0
0
0
0
0
1.5
2
3.5
260.5
1410
2755
3945
4640
4395
4898
4080
3070
1695
303
3.5
2.5
0
0.5
0.5
0
0
0
0
0
0
2.5
8.5
499
1855
2860
3625
4460
5110
5277.5
4620
3280
1640
236
3
2.5
0.5
0
0
0
0
0
0
0
0
2
13.5
541
1288.5
2325
3150
3095
2765
2304.5
1400
777
323
39.5
3
0.5
0
0
0
0
0
0
0
0
0
0
3.5
213
570.5
1029
1540
1730
1890
2036
1760
1500
969
251
1
0
3
0
0
0
0
0
0
0
0
0
4.5
277.5
1099
2060
3050
3290
2855
2551.5
1865
1300
638
105
5.5
0.5
0
0
0
0
0
0
0
0
0
3
5
135
553
927
1310
1570
1525
1269
1155
699
372.5
88
6.5
2.5
0
0
0
0
0
0
0
0
0
0
15
425
1570
2740
3825
4125
4205
4336.5
3930
3185
1875
406.5
9
6
1
0.5
0.5
0
0
0
0
0
0
0
120
536.5
1689.5
2761
3917
4669.5
1865
3826
2330
1640
731
121.5
1
1
0.5
0
0
0
0
0
0
0
0
1.5
5.5
189
661
1435
2220
2905
2935
2793.5
2665
1980
948.5
216
11
0.5
0
0
0
0
0
0
0
0
0
0
41
507.5
1750
2805
3750
4175
4180
4202
3730
2865
1570
368
7
3
0
0
0
0
0
0
0
0
0
2
3
427.5
575
1148.5
1890
2305
2485
2550
2170
1505
849
199
3
1
0
0
0
0
0
0
0
0
0
0
6.5
173.5
449
805
1195
1270
1285
2042.5
929.5
679.5
413
99.5
0.5
3
0
0
0
0
0
0
0
0
0
0
51.5
538.5
1450
2934
4340
5875
6579.5
6665.5
5579
4495.5
3198.5
1500
333
19.5
0
0
0
0
0
0
0
0
0
0
83
742
2195
3545
4210
4705
4835
5058
3955
2985
1840
513
16
2.5
0.5
0
0
0
0
0
0
0
0.5
2
239.5
1298.5
3450
5190
6195
6250
6100
6083.5
4710
3200
1650
445
11.5
4.5
0.5
1
0.5
0
0
0
0
0
1
2.5
97
744
1930
2955
3445
3270
2975
4137
2615
1765
829
184
7
0.5
0.5
0
0
0
0
0
0
0
0
2.5
116
762
1805
2810
3630
4005
4430
4193.5
3345
2285
1144.5
303.5
11.5
2.5
1
0
0
0
0
0
0
0
0
1.5
45
234
1016.5
1700
2375
2800
2795
2228
1940
1355
821
331.5
22
17.5
0
0
0
0
0
0
0
0
0
4
236
828.5
2237
3620
5080
6028.5
6286
5690
5150
4111
2933.5
1583
447.5
43.5
0
0
0
0
0
0
0
0
0
0
11.5
508
1840
3575
5475
6925
6505
5205
5387.5
3640
2600
1525
493
13.5
4
1.5
0
0
0
0
0
0
0
1.5
1.5
38
258.5
817
1470
2185
2660
3145
2787.5
2860
2045
1142.5
408
21
0.5
0
0
0
0
0
0
0
0
1.5
1.5
62.5
388
995
1745
2565
3305
4235
3741
4455
3555
2390
912.5
57
7
4.5
0
0
0
0
0
0
0
0
4
420.5
1242.5
2905
3755
3920
3495
3110
2934
2170
1620
929
367
24
6
0
0
0
0
0
0
0
0
1.5
2
237
780
1785
2150
2255
2400
2385
2021
1640
1170
672.5
215.5
11
4.5
1.5
0
0
0
0
0
0
0
1
2
110
425.5
983
1400
1730
1940
1945
1789
1520
1019.5
645
206
11
0
0
0
0
0
0
0
0
0
2
1
282
1042.5
2225
2930
3220
3150
2795
2718.5
2025
1435
757.5
261
13
0
0
0
0
0
0
0
0
1.5
0.5
2
60
275
725
1185
1550
1770
1805
1702
1350
1089
740
316
29
1
0.5
0
0
0
0
0
0
0
2
4
223.5
818.5
1500
2295
3290
4040
4335
4434
3710
2880
1715
810
70.5
0.5
0.5
0
0
0
0
0
0
0
4
12
241.5
869.5
1870
2475
3100
3125
3095
2661.5
2720
1950
1180.5
504.5
147.5
50.5
0.5
0
0
0
0
0
0
0
0
61
805.5
2462
4503.5
6442
7922
8810
8870.5
8324
7159.5
5475.5
3486.5
1747.5
573.5
80
0
0
0
0
0
0
0
0
0
73
597
1279.5
2739.5
4155.5
5291
5945
6020
5851
4415
2960
1735
742
101.5
0.5
1
0
0
0
0
0
0
0
0
12
212.5
645.5
1089
1815
2635
3040
2990
3045.5
2345
1675
979
447
62.5
0
0
0
0
0
0
0
0
0
0
6
186.5
556.5
1225
1935
2490
2845
3070
2713
2455
1960
1350
768
143
1
0
0
0
0
0
0
0
0
0
10.5
285.5
819
1705
2470
3090
3355
3070
2367
1665
1180
594.5
217.5
31
6.5
2.5
0
0
0
0
0
0
0
0
41.5
194.5
369.5
616.5
930.5
1235
1510
1760
2187.5
1705
1460
989
427
55.5
1
0
0
0
0
0
0
0
0
0.5
6
143
514.5
950.5
1395
1825
2120
2240
3047
1995
1510
925.5
354.5
37
1
0.5
0
0
0
0
0
0
0
1.5
9
166.5
539.5
963.5
1410
1820
2070
2125
2545.5
1655
1285
708
275.5
39.5
0.5
0.5
0
0
0
0
0
0
0
0.5
5.5
125
448
812
1195
1600
1805
1880
1845
1520
1210
838.5
410
67.5
1.5
1
0
0
0
0
0
0
0
0
39
565.5
1584.5
3010
4510
5635
6450
6990
7012
5915
4625
3035
1455
277
8
3
0
0
0
0
0
0
0.5
0.5
62.5
451.5
922
1730
2230
2975
3120
3075
2870
2380
1750
1240
672
150.5
0
2
0
0
0
0
0
0
0
0
112
1025
2009
3770
4540
4900
5295
5500
6217.5
4800
3600
2235
917.5
143
7
4
0
0
0
0
0
0
0.5
0
54.5
437.5
1100
1805
2610
3225
3635
3725
3607
2680
1845
1143.5
556
93.5
4.5
4
0
0
0
0
0
0
0
0
128
911.5
2245
3895
5540
6895
7700
8150
7706.5
6890
5260
3450
1775
433
12.5
9
0
0
0
0
0
0
0.5
1
221
1370
2591
4645
6165
7550
8160
8240
7752
6750
5275
3545
1810
452
12
5.5
0
0
0
0
0
0
1
1.5
183.5
1037
2300
3850
5540
7115
8250
8480
7886.5
6840
5345
3625
1880
497.5
29.5
14
0
0
0
0
0
0
0.5
1
217
1225
2424
4285
5505
6380
6590
6375
6115
4940
3850
2790
1375
323
22
16
0
0
0
0
0
0
2.5
2.5
230.5
1239.5
2106
3700
4510
5330
5805
5725
4891.5
4190
3610
2820
1725
512
16.5
22.5
0
0
0
0
0
0
1.5
1.5
276.5
1147
1805
2945
3545
4615
5125
4985
5601.5
4310
3085
1675
736
158
5
3.5
0
0
0
0
0
0
1.5
1
104.5
615
1147
1910
2560
2855
2805
2491.5
1776.5
1385
1045
705.5
337
94
6.5
1
0
0
0
0
0
0
0
1
308.5
1400
2379
3870
4685
5570
5945
6065
5341
5120
3835
2775
1600
529
30
27
0
0
0
0
0
0
0.5
3
337
1475
2815
3935
4915
5990
6620
6845
6456
5495
4470
2885
1525
414
17
11
0
0
0
0
0
0
1
2.5
127.5
478.5
682
1355
1705
2165
2460
2285
1735.5
1955
1625
1180
692
198.5
15
4.5
0
0
0
0
0
0
0
1.5
113.5
564
1219.5
1800
2180
2460
2620
2625
2542
2355
2070
1440
782
248.5
15.5
24.5
0
0
0
0
0
0
0.5
1
120.5
618
1093
1905
2405
2790
2890
2595
2622
1895
1555
1195
753
318
25
37.5
0
0
0
0
0
0
0
1
158.5
702
1445.5
2340
3400
4555
5025
4970
4364.5
4475
3725
2835
1735
724.5
59
6.5
0
0
0
0
1
1
1.5
8
550
1840
3058.5
5000
6285
6860
6870
6400
5522.5
4598.5
3635.5
2599
1557
707.5
195.5
23
0
0
0
0
0
0
0
15.5
97
343.5
804
1575
2725
4080
5065
5645
5299
5575
4705
3585
2160
814
57
5
0
0
0
0
1
2
1.5
26.5
516
1515
2670
4540
5940
6845
6725
6605
5816.5
5020
3680
2210
989
292
19.5
2.5
0
0
0
0
0.5
0.5
1
7
310
1155
2243.5
3625
4475
4935
5060
4985
4955.5
4290
3690
2640
1510
519
40
3
0
0
0
0
1.5
1
2
25.5
568.5
1750
3097
5080
6690
7990
8560
8615
8151
7050
5625
3970
2295
859.5
78.5
88
0
0
0
0
2
1
2
29.5
609
1830
3142.5
5140
6800
8110
8760
8770
8451
7205
5705
3965
2215
819.5
74.5
97
0
0
0
0
3.5
1.5
2
32
608
1800
3133
4985
6510
7845
8510
8530
8184
6930
5520
3835
2190
818
68
13.5
0
0
0
0
0
0
0
144
756
1760
2697.5
4215
5785
7150
7545
6820
6175.5
4735
3775
2835
1855
800.5
93.5
15
0
0
0
0
2
0.5
1
55
658
1770
2798.5
4720
5805
6160
5980
5735
4990
3905
2755
1690
849.5
298
16.5
9.5
0
0
0
0
2.5
1
0.5
18
489
1645
2743
4865
6210
7200
7625
7645
7496.5
6265
5135
3720
2230
959.5
112.5
15
0.5
0
0
0
2
1
1
70
657
1715
2700
4075
4920
5190
4990
4570
4262.5
3095
2240
1425
770
277.5
35.5
7.5
0
0
0
0
1.5
0.5
1
47.5
588.5
1650
2258
3770
4460
4985
4945
4620
4032.5
3270
2245
1525
838.5
318.5
52
47.5
0.5
0
0
0
2.5
0.5
1
35
483.5
1485
2453
4255
5380
6140
6540
6975
7099
6430
5365
3955
2500
1114
170.5
150
0.5
0
0
0
1
0.5
2
80
811
2090
3472
5425
7015
8165
8740
8755
8284
7160
5820
4095
2475
1086
169.5
143.5
0.5
0
0
0
1.5
0
1
66.5
657.5
1780
3018.5
5070
6715
8120
8675
8695
8163.5
6960
5470
3630
1985
731.5
82
122
0.5
0
0
0
2
0.5
0.5
40
369.5
946.5
1307
2185
2850
3535
3910
4245
4245
3785
3190
2555
1765
886
163
9.5
1
0
0
0
1
1
1.5
103.5
850.5
2060
3443.5
5405
6990
8160
8625
8475
7808
6690
5400
3975
2425
1078.5
195
6
1.5
0
0
0
2
2.5
4
111
837.5
2010
3176
5120
6565
7625
7910
7605
6946.5
5940
4925
3525
2180
967
176
9.5
1
0
0
0
4
1.5
2
112.5
851.5
2050
3315.5
5375
6970
8195
8675
8740
8215.5
7225
5775
4090
2460
1072
165.5
161.5
1.5
0
0
0
2
1
2
101
750.5
1840
3009
4905
6365
7455
7990
8085
7711.5
6645
5245
3565
2025
793.5
106.5
141.5
1
0
0
0
0.5
0.5
0.5
119.5
833
2005
3073.75
4965
6160
7085
7430
7250
6675
5675
4385
3040
1775
731.5
135
8.5
2.5
0
0
0
1.5
1
1
107
719
1670
2676
4540
6050
7500
8155
8325
7930.5
6925
5570
3965
2365
1054
197.5
5
3.5
0
0
0
5
2.5
3
52
451
1233.5
2297.5
3945
5745
7245
8135
8385
7797.5
6660
5120
3490
2090
930
193.5
153
4.5
0
0
0
0
0
3
102
457
1041
1596
2908.5
3590.5
4903.5
5527.5
5668.5
5001.5
4275
3267.5
2439.5
1607.5
865
320
57
2.5
0
0
0
0
0
2.5
86.5
331
731.5
1170
1630
2100
2530
2820
2715
2565
2255
1930
1595
1024
510.5
112
6.5
2
0
0
0
1
1
1
44.5
350.5
886.5
1670
2635
3860
4885
5865
6460
6530
5955
4920
3485
2075
951
213
5.5
1
0
0
0
1
2.5
2
135.5
693
1480
2465
3585
4545
5690
6375
6850
6505
5610
4690
3320
1865
835.5
164
9
1.5
0
0
0
2.5
3
2
82.5
541.5
1315
2330
3465
4700
5885
6835
7205
6885
6025
4875
3550
2145
1038
267.5
11
0
0
0
0
1
1.5
0.5
48
326
805
1445
2270
3085
3870
4275
4210
3910
3565
2955
2120
1201
513
120
5
1.5
0
0
0
1.5
1
2
18.5
161.5
418
843.5
1360
1690
1860
1945
1920
1915
1755
1595
1220
718.5
345.5
71
2.5
1
0
0
0
0.5
1
1.5
48.5
366
901.5
1625
2550
3455
4055
4540
4500
4235
3525
2845
2250
1320
617.5
136
8
2.5
0
0
0
1.5
1
2
71
410
1026
1830
2760
3775
4640
4985
5325
5365
4865
4060
2950
1735
854
240
9
2
0
0
0
1.5
1
0.5
54.5
372
971.5
1770
2735
3700
4785
5295
5700
5610
5060
4285
3290
2080
1025.5
244.5
6
2
0
0
0
2.5
1.5
1.5
140
755
1745
3035
4510
5682.5
6465
6775
6635
6480
5815
4935
3630
2250
1063.5
255.5
15
4
0
0
0
1
1
0.5
89.5
486.5
1033.5
1645
2340
2945
3405
3765
4175
4215
3845
2880
1955
1152
471.5
103
6
1
0
0
0
1.5
1.5
0.5
38.5
266.5
684
1280
2040
2810
3625
4295
4820
5539
5265
4645
3595
2375
1166
314.5
15.5
1.5
0
0
0
0.5
0.5
1
142.5
672
1600
2668
4645
6015
7185
7840
8045
7734.5
6990
5705
4095
2560
1272.5
343
15.5
7.5
0
0
0
1.5
1
1.5
130.5
633
1370
2033
3235
4365
5140
5620
5625
4600.5
4475
3500
2435
1495
699
175.5
11
3
0
0
0
1
0
1.5
63
345
860.5
1304
2360
3325
4325
4840
5040
4398
4420
3610
2615
1655
792.5
206
17
5.5
0
0
0
2
0
1
116
618.5
1315
1900
3180
4380
5650
6365
6425
5746.5
5430
4375
3080
1920
996.5
309.5
173
3
0
0
0
3
0.5
1.5
123
568
1275
1965.5
3350
4545
5800
6915
7450
6485
6230
4875
3495
2250
1125
293.5
221.5
1.5
0
0
0
2.5
0.5
2
179
845
1855
2733.5
4765
6185
7390
7980
8160
7629
6910
5580
4115
2505
1238.5
316.5
236
3
0
0
0
0
0
11
209
275
1350
1855
3060
3870
4465
4575
4485
4319
3885
3380
2585
1760
997.5
297.5
13.5
3
0
0
0
1.5
1
2
184.5
890
2045
2899
4605
5425
5985
5855
5655
5386
4585
3640
2435
1485
696.5
173.5
8
4
0
0
0
1
1
1
64
351.5
811
1200.5
2180
3165
4490
5950
7105
6421
6780
5640
4200
2620
1345
430.5
26.5
1.5
0
0
0
2
0.5
3.5
213
903.5
1980
2925
4415
5175
5680
5750
5575
5356.5
4630
4105
3175
2105
1039
297.5
187
1
0
0
0
2
0.5
2.5
67
417.5
1038.5
1411
2780
3390
3685
3945
4025
3227.5
3765
3550
2955
1950
997
319
204
1.5
0
0
0
1
0.5
4.5
89
432
1123.5
2005
2970
3700
3890
3665
3275
2406.5
2190
1665
1160
730.5
366
107.5
122.75
2.5
0
0
0
0.5
0.5
1.5
88
501.5
1212
2105
3625
5160
6630
7035
6905
6137
4790
3615
2340
1310
557
136.5
11
3
0
0
0
1
0.5
2
110.5
611
1330
1945.5
3265
1919
4375
4355
4180
3898
3620
3155
2515
1570
820
220.5
233
2
0
0
0
1
0.5
1.5
77
385
941.5
1958.5
2660
3315
4190
4490
4775
4613
4340
3925
3150
1930
947
282.5
175.5
2
0
0
0
1
0.5
3.5
272.5
1000.5
2155
3288.5
5155
6585
7740
8240
8085
7818
7005
5915
4510
3000
1595
534.5
31
3.5
0
0
0
1
0.5
4.5
228.5
992.5
2190
3597.5
5445
6875
8105
8795
8985
8575
7685
6300
4645
2970
1535
485.5
329
1
0
0
0
1.5
0.5
3
209
928.5
2055
3207
4790
6180
7390
7955
7840
7386.5
6235
4915
3590
2345
1226.5
353.5
274
1.5
0
0
0
1
2
3
212
934.5
2060
3197.5
5110
6620
7890
8610
8755
8219
7465
6120
4535
2885
1495
514
326.5
3.5
0
0
0
2
1
4
227.5
962
2120
3523
5280
6670
7972.5
8755
8860
8476
7465
6065
4425
2785
1410
406.5
328.5
4.5
0
0
0
3
1
2.5
200.5
917
2055
3429
5210
6755
8035
8655
8750
8383.5
7370
6005
4410
2790
1390
423.5
23.5
4
0
0
0
3.5
1.5
2.5
132
713
1680
3007
4730
6715
8225
8910
8990
8531
7580
6210
4575
2915
1495
486.5
332
3.5
0
0
0
1.5
0.5
2
133
659.5
1570
2802.5
4460
6440
8000
8685
8730
8228
7050
5780
4250
2735
1380
471
317.5
4
0
0
0
4
1
2
158
791.5
1895
3361.5
5205
6740
8025
8695
8760
8387
7390
5970
4385
2825
1470
459.5
327.5
3.5
0
0
0
2
1
2.5
110
624.5
1610
3190
5125
6800
8190
8870
9010
8499.5
7630
6205
4525
2875
1470
464
397.5
3.5
0
0
0
3
3
2.5
185
845
1885
3215
4615
5840
6740
7010
6760
6365
5575
4475
3365
2205
1083
342.5
29
4.5
0
0
0
4
1.5
2
179.5
845.5
1940
3169.5
5040
6550
7795
8560
8695
7966
7280
6015
4470
2975
1470
469.5
326
8.5
0
0
0
1
0.5
1.5
172
834.5
1970
3590
5090
6535
7715
8140
8055
7579
6820
5620
4120
2510
1370
446.5
280
5.5
0
0
0
2
0
2.5
130
710.5
1645
2397
4185
5400
6325
6710
6550
5719.5
5165
4205
3375
2245
1153.5
344.5
22
4.5
0
0
0
1
1
1.5
122.5
714.5
1740
2588
4505
5965
6845
7190
7395
6927
6310
5180
3820
2475
1310
388
20
1.5
0
0
0
1.5
0.5
1
122.5
699.5
1685
2836.5
4745
6345
7595
8265
8215
7684
6510
5345
3885
2505
1295
397.5
24
5
0
0
0
2
0.5
2.5
126
754
1835
3511.5
4890
6395
7515
7975
7860
7427.5
6680
5500
4060
2595
1350
417
296
6.5
0
0
0
1.5
0.5
1.5
140
789
1875
3181.5
4815
6235
7100
7375
7490
7290
6620
5555
4070
2535
1265
399.5
292.5
4.5
0
0
0
1.5
1
1
94.5
657.5
1610
2724.5
4195
5215
5900
6145
5945
6874
5255
4555
3450
2270
1185.5
352
17.5
2
0
0
0
0.5
0.5
0.5
86.5
562.5
1475
2266
3735
4875
5990
6785
7150
6658.5
6515
5365
3950
2430
1192.5
313.5
231.5
3
0
0
0
1
1.5
0.5
72
495
1199.5
1924.5
3475
4790
5800
6155
6030
5796.5
4920
4065
2975
1840
906
220
9.5
1
0
0
0
0.5
0.5
1
39.5
342.5
883.5
1503
2390
3445
4840
5580
6035
6057
5105
4155
3070
1965
919
251.5
10
3.5
0
0
0
1.5
1
1
52
399
1025
1681
2950
4240
5460
6005
6185
6235
5115
3980
2915
1875
952
287
14
2
0
0
0
3
0
1
97.5
733
1850
2572.75
4840
6180
6975
7400
7545
7316
6395
5325
4020
2570
1315
381
254
3.5
0
0
0
1
0.5
1
103.5
753.5
1870
3111
4745
6210
7345
8010
8135
7781.5
6795
5555
4055
2570
1254.5
316.5
246
3.5
0
0
0
0.5
1
0.5
78
566
1395
2338.5
3495
4410
4990
5530
5620
5353.5
4445
3755
3040
1935
946
257
10.5
4.5
0
0
0
1
0
1
66
611
1480
2427
3870
4505
4510
4300
4305
4730.5
3940
3375
2675
1840
915.5
241
7
2
0
0
0
1
0.5
1
52.5
476
1360
2415.5
3625
4515
4680
4660
4680
4941.5
4195
3300
2455
1635
814
216.5
6.5
0.5
0
0
0
1
0
1
69
596
1450
2531
4180
5600
6505
6950
6880
6404
6287.5
4885
3575
2260
1139
285.5
8
1.5
0
0
0
1.5
0.5
1.5
56.5
521
1380
2200.5
3490
4235
5075
5155
4935
4223.5
3465
2760
1795
1068
527.5
119.5
4
1.5
0
0
0
0.5
0.5
0
27
380.5
1223.5
2118
3580
4435
5030
5470
5450
5516.5
4295
3605
2705
1730
875.5
180
175.5
5.5
0
0
0
1
0.5
1
34
406
1158
2070
3300
4530
5845
6500
6695
6304.5
5715
4695
3510
2160
1016.5
231.5
197.5
2
0
0
0
0
0.5
0
36.5
455
1245
2417.5
3535
4785
5810
6125
6130
5543
5220
4350
3310
2225
1042
205
4
0.5
0
0
0
1
0.5
1
42.5
520.5
1460
2294
3870
4950
5820
6215
6100
5530
5120
4270
3110
2070
1028
245.5
9
4
0
0
0
0.5
0
0
50
591
1585
2722
4350
5474.5
6630
7515
7835
7244.5
6800
5635
4115
2530
1194.5
277.5
8
2.5
0
0
0
1
0.5
0.5
30.5
557
1310
2358
4095
4759.5
6295
6560
6535
6242.5
5610
4845
3585
2135
950.5
194.5
6
3
0
0
0
1
0.5
1.5
20
486.5
1320
2163.5
3635
4596
6020
6340
6150
5790.5
4210
2780
2010
1195
473
61.5
5
1.5
0
0
0
1.5
0.5
1.5
4
283
1044.5
1970.5
3675
4180
5575
6470
6420
4998
4690
3580
2540
1660
728
145.5
100.5
2.5
0
0
0
2
1.5
1.5
6
105
295
389.5
675.5
916.5
1580
2095
2125
1717.5
2190
1875
1400
1075
573.5
102.5
56.5
0.5
0
0
0
0
0
0
13
266
756.5
1281
2330
2816
3780
4255
4430
3855
3535
3025
2255
1535
707.5
136
3
1
0
0
0
1.5
0
0.5
7
291
1246.5
2347
4410
5077.5
6330
6655
6735
6207.5
5526.5
4644.5
3597.5
2521.5
1493.5
630.5
136.5
1
0
0
0
0
0
0
64
425
1360
2507.5
4045
4753.5
5500
5945
5935
5792
4890
4060
3060
1855
799.5
105
4.5
3.5
0
0
0
0.5
1
1
13
401.5
1160
1962
3380
4287.5
5575
6180
6130
5951
5385
4490
3430
2100
863
104
131.5
2.5
0
0
0
0
0.5
1
12
304
1133.5
2038
3195
4231
5350
5485
5495
5301.5
4520
3495
2345
1470
691
130
4.5
3
0
0
0
1
0.5
1
14.5
315.5
1168.5
2082
3565
4811.5
6410
7060
7095
7091.5
6380
5295
3875
2390
1031.5
139.5
137.5
2
0
0
0
2.5
1
1.5
10
350
1410
2561
4480
5706
7380
8020
7955
7538.5
6685
5370
3845
2320
934
105.5
126.5
2
0
0
0
1
1
1
8
290
1104
2365.5
3390
4607.5
6070
6970
7325
7181.5
6220
4935
3525
2198.5
766
93
7.5
1
0
0
0
0
0.5
1
3.5
78
1217
2189.5
3710
4455
5775
6230
6020
5605
4815
4025
2700
1590
571
67.5
3.5
1.5
0
0
0
0
0
0
3
347
1175.5
2349
3680
4780
5310
4833
5080
4984
4660
3900
2940
1730.75
640.5
78.5
76
2
0
0
0
1
0
0
1
158.5
609
1340.5
2224.25
2758.5
3785
4100
4255
3902
4030
3345
2620
1620
736
95.5
76.5
0.5
0
0
0
1
0.5
1
4
318.5
1207.5
1856
3030
2963
3400
3835
4420
3916
4755
4240
3245
2020
839
82
87.5
2
0
0
0
1
0
0.5
5
339.5
1455
2840
4155
4710
5725
5730
5155
4235
3140
2045
1205
584.5
175.5
10.5
1.5
0.5
0
0
0
1
0.5
1
1.5
56
385.5
940
1490
2025
2295
2570
2480
2485
2335
1970
1390
739
287
23
0.5
0
0
0
0
0
0
0.5
0.5
90.5
623.5
1136.5
2360
2622
3810
4250
4325
4363
4035
3295
2405
1360
508.5
32
57.5
0.5
0
0
0
0
0.5
0.5
1.5
152
720.5
1608.5
2575
3369.5
3805
3685
3665
3569
3235
2800
2065
1150
354.5
14.5
42.5
1.5
0
0
0
1
0
0
0
87.5
544
1340
2193.25
2676.5
3380
3535
3745
3760
3500
2645
1680
796
204
7.5
29.5
1
0
0
0
0.5
0
0
0.5
47
289.5
719
1360
1941
3650
4550
5210
5095
4805
4080
2950
1820
725.5
32
50
1.5
0
0
0
1.5
0.5
1
1.5
321.5
1285
2350
3585
4115.5
4800
4870
4565
4070
3225
2645
1755
817
242.5
9
22
0
0
0
0
0.5
0
0.5
1
64
384
895.5
1515
2110
2615
3020
3305
3325
3190
2560
1605
778
210.5
7.5
0
0
0
0
0
0
0
0.5
0.5
40
323
821.5
1380
1760.5
2750
3360
3785
3980
3650
2895
2025
1097
284
5.5
22
0.5
0
0
0
0
0
0
0
54
448
1179
2335
2840.5
3640
3665
3575
3182.5
2825
2170
1395
717
176
5
2
0.5
0
0
0
0
0.5
0
0.5
139.5
493.5
1261
2245
3055
3855
4655
5195
5103.5
5120
4300
3090
1650
419
7
2
0.5
0
0
0
1
0
1
0.5
73
499
1200
1925
2762
3180
3210
3335
3832.5
2885
2150
1490
736.5
171
2.5
2
0.5
0
0
0
0
0
0
0
42
471
1125
2195
2779
3890
4470
4475
4011.5
3430
2690
1860
1149
361
8
16.5
0.5
0
0
0
1
0
1
0.5
167.5
1090.5
2073
3890
4276.5
5345
5440
5110
4094.5
3445
2140
1245
711.5
192
6.5
9.5
2
0
0
0
0
0
0
0
145.5
1135.5
2690
4245
4806.5
6000
6185
6300
5905
5400
4400
2975
1515
382
5
12.5
1.5
0
0
0
0.5
0.5
1
1
41
395
832.5
1045
932.5
1130
1130
1270
1330
1170
969.5
668.75
348.5
55.5
2
3.5
0
0
0
0
0
0
0
0.5
50
490.5
1395
2380
3130
3350
3400
3250
2930
2560
2020
1235
532.5
88
3
5
1
0
0
0
0.5
0
0
0.5
30.5
382
1029.5
1860
2622.5
2835
3170
3500
3961
3320
2660
1645
654
105
4
4
0.5
0
0
0
0
0
0
0
7.5
227.5
865
1740
2397
3945
4635
4805
4127
4395
3570
2640
1307.5
228.5
4
4
0.5
0
0
0
0
0
0
0
79.5
836.5
1677.5
3295
4374
5710
6030
5915
5223
4480
3360
2075
1043.5
222
9.5
4
2
0
0
0
0.5
0
0.5
0
67
896
1995.5
4080
5015
6595
6900
6775
6188.75
5280
4085
2590
1209
199
5.5
3.5
1.5
0
0
0
0
0
0.5
0.5
65
779
1925
3195
3971
5605
6175
6300
5487
4925
3715
2285
938.5
118
1
1.5
0
0
0
0
0
0
0
0
49
659.5
1805
3165
4445
5580
6245
6575
6090
4950
3610
2085
782.5
81
1
1
0
0
0
0
0
0
0
0
52
591
1455
2540
2991
4470
4775
4615
3937.5
3655
2670
1590
616
75
3
0
0
0
0
0
0
0
0
0
9
266.5
765
1840
2665
3155
3470
3700
3585
3100
2295
1415
627
86
2
0.5
0
0
0
0
0
0
0.5
1
17
497
1610
3015
4310
4880
5110
4930
4685
4160
3220
2155
972.5
117.5
2
0.5
0
0
0
0
0
0
0
0
28
730.5
1970
3085
3524
4350
4195
3685
3162
2600
1835
1195
512.5
56.5
3
1
0
0
0
0
0
0
0
0
37.5
836.5
2305
3750
4195
5350
5410
5330
4771.5
4240
3435
2235
856
68
4
1
0
0
0
0
0
0
0.5
0.5
11
248
840.5
1495
1681.5
2395
2635
2800
2740
2275
1620
976
348.5
32
2.5
0
0
0
0
0
0
0
0.5
0
7
1614.5525
1295
2365
2881
4500
5195
5200
4930
4230
3115
1770
608
38
1.5
1
0
0
0
0
0
0
0
1
5
357
1266.5
2555
2963.5
4000
4760
4795
3547
3520
2615
1450
456
17
2.5
0
0
0
0
0
0
0
0
0
6.5
264.5
956.5
1785
1867
2790
3025
3005
2368
2615
1890
1040
292.5
8
1
1
0
0
0
0
0
0
0
0
1.5
233
859
1690
2080.5
3390
3925
4120
3260
3112.5
2625
1898.5
1086
396
62
0
0
0
0
0
0
0
0
0
54.5
618
1664.5
3760
4497
6090
6235
6080
5256.5
4305
2950
1590
491.5
17.5
3.5
1.5
0
0
0
0
0
0
0
0
4
286
1060.5
2085
2553
3685
3690
3445
3308
3350
2475
1580
540
17
3
0.5
0
0
0
0
0
0
0
0
8
498.5
1705
3090
4300
4850
5155
4755
3952.5
3210
2240
1166.5
305
7.5
3.5
0.5
0
0
0
0
0
0
0
0
1
188.5
814
1525
2192.5
3360
4100
3339
3186
2699
1959
1232
616.5
184
17
0
0
0
0
0
0
0
0
0
17.5
154.5
747
1673.75
2730
3845
4405
4440
3912
4135
3370
2080
616.5
9.5
0.5
0.5
0
0
0
0
0
0
0.5
0.5
1
79.5
450
1285
2036.5
3625
4415
3915
3355
2800
2240
1242.5
272.5
3.5
1.5
0.5
0
0
0
0
0
0
0
0
1.5
287.5
980
2240
2649
3625
3775
3795
3695
2840
1930
943.5
212
2.5
1.5
0.5
0
0
0
0
0
0
0
0
0
110
487.5
1185
1184.5
1845
1605
1530
1444.5
1340
755.5
328.5
76.25
0.5
0
0
0
0
0
0
0
0
0
0
0
374.5
1770
3335
3696
5000
5050
4770
4198
4030
2985
1675
412.5
5.5
3
1.5
0
0
0
0
0
0
0
0
0
96.5
585.5
857.5
1300
1460
1760
1800
1442
1395
967.5
478
96.5
2
0.5
0
0
0
0
0
0
0
0
0
0
39.5
301.5
891.5
1426
3445
4670
5155
4704.5
4660
3415
1930
446
7
6
2
0
0
0
0
0
0
0
0
1
474.5
1561.5
3880
4556
6455
6685
6190.5
5659.5
4815
3535
1985
289.5
5
3.5
1.5
0
0
0
0
0
0
0.5
0.5
0.5
413
1980
3790
5300
6375
6820
6795
6295
5085
3530
1750
316.5
6
4.5
3.5
0
0
0
0
0
0
0
0
0
361.5
1568.5
3095
4665
5715
6275
6275
5730
4665
3215
1680
295.5
12
4.5
2.5
0
0
0
0
0
0
0
0.5
1
281.5
1560
3170
4980
6385
7020
7050
6460
5240
3515
1690
275.5
6.5
5
3.5
0
0
0
0
0
0
0
1
0.5
176.5
1224.5
2740
4455
5690
6075
6100
5740
4875
3475
1760
261.5
5
10
4.5
0
0
0
0
0
0
0
0.5
0
272
1655
3360
4950
6180
6675
6645
6190
5105
3525
1615
220
5
5
4.5
0
0
0
0
0
0
0
0.5
1
180
1040
2020
2965
3270
3300
2825
2420
2000
1595
744.5
88
2
1.5
1.5
0
0
0
0
0
0
0
0
0
260.5
1715
3495
4730
5445
5525
4940
4250
3255
2005
877.5
111
4.5
1.5
1
0
0
0
0
0
0
0
0
0
53
515.5
1355
2190
2870
3035
3110
3035
2475
1485
600.5
67
3
2
1.5
0
0
0
0
0
0
0
0
0
97.5
728
1680
2500
2960
3300
3510
3610
3170
2195
973.5
81
3.5
2
2.5
0
0
0
0
0
0
0
0
0
35
410.5
1039.5
1770
2520
3425
4025
3870
3190
2120
848
43.5
4.5
4.5
2
0
0
0
0
0
0
0
0
0
57
517
1325
2155
3235
4010
4085
3440
2530
1440
452
26.5
2.5
1
1
0
0
0
0
0
0
0.5
0
0
12
159.5
459
848
1420
1990
2165
2130
1865
1310
643
53.5
1
1
0.5
0
0
0
0
0
0
0
0
0
164.5
1235.5
2555
3795
4640
5145
4780
3830
2665
1480
467
19
3
2.5
2.5
0
0
0
0
0
0
0
0
0
50
522
1400
2335
2810
3040
2580
2155
1715
892
233
4
1
0.5
0
0
0
0
0
0
0
0
0
0
92
1154
2890
4580
5905
6580
6490
5860
4595
2920
1125.5
42
3
2.5
3.5
0
0
0
0
0
0
0
0.5
1
67
1112
2870
4520
5875
6540
6500
5820
4490
2680
891.5
25.5
5.5
3
3
0
0
0
0
0
0
0
0
1
17
503.5
1435
2410
2775
2635
2485
1920
1360
783
273
19
0
0
0
0
0
0
0
0
0
0
0
0
8
259.5
714.5
1028.5
1335
1550
1725
1720
1185
541
95.5
3.5
1
0
0
0
0
0
0
0
0
0
0
0
13.5
228
626
1285
2350
3255
3425
2890
1945
841
178.5
2.5
1.5
0.5
0.5
0
0
0
0
0
0
0
0
0
3.5
49.5
175
342.5
651.5
1023
1240
1570
1630
1113.5
332
4.5
0.5
0.5
0
0
0
0
0
0
0
0
0
0
1
106.5
367
765
1470
1815
1740
1495
1150
609
170.5
2.5
0
0.5
0
0
0
0
0
0
0
0
0
0
2.5
201
887.5
1684.5
2835
3010
2510
2035
1645
914
269
4.5
2
0.5
1.5
0
0
0
0
0
0
0
0
0
10
273.5
936
1890
2475
2680
2575
2262.5
1640
982.5
225.5
5
1
1
0.5
0
0
0
0
0
0
0
0
0
17
721.5
2035
3480
4740
5350
5190
4275
3165
1890
492.5
6
3
3
1.5
0
0
0
0
0
0
0
0
1
14
619.5
2015
3470
4600
5500
5395
4420
3355
1870
361
8.5
4.5
3
1.5
0
0
0
0
0
0
0
0
0.5
59.5
825.5
2345.5
1720
4235
5060
5295
4545
3295
1775
394
6.5
4
2.5
1
0
0
0
0
0
0
0
0.5
0.5
7.5
577
1995
3340
4480
4950
4765
4155
2900
1435
235
8
2.5
2.5
1
0
0
0
0
0
0
0
0
0.5
95
970.5
2517
4203.5
5557
6008.5
5694
4659
3065.5
1536
448
33
1.5
2
1
0
0
0
0
0
0
0
0
0.5
34
553
1136
2300
3335
3865
3710
2995
2090
933.5
120
7.5
2
1
0.5
0
0
0
0
0
0
0
0
0
3
346
1405
2820
4190
4675
4490
3800
2765
1560
282
5.5
3.5
1.5
0.5
0
0
0
0
0
0
0
0
0
3
394.5
1580
2760
3540
3805
3420
2455
1490
531.5
58
2.5
1.5
2
0.5
0
0
0
0
0
0
0
0
0
0
198.5
1230.5
2515
3270
3910
3930
3695
2655
1410
199
5.5
1
1.5
0
0
0
0
0
0
0
0
0
0
1
454
1840
3120
3755
3455
2985
2385
1730
841.5
105.5
5
2
0.5
1
0
0
0
0
0
0
0
0
0
0
243.5
1400
2875
3995
4515
4475
3755
2860
1470
207.5
2.5
2
1
0
0
0
0
0
0
0
0
0
0
384
2000
3695
4960
5550
5300
4435
3170
1570
198
4.5
3
2
1.5
0.5
0
0
0
0
0
0
0
0
0.5
74
600.5
1271
1868.5
2373
2607.5
2416.5
1775
961
130.5
1.5
2
0.5
0
0
0
0
0
0
0
0
0
0
0.5
301
1570
2766.5
3915
4150
3405
2690
1785
699.5
44.5
0.5
0
0
0
0
0
0
0
0
0
0
0
0
0
24.5
334.5
1177
2105
2535
2715
2395
1880
990.5
88
1.5
1
0.5
0
0
0
0
0
0
0
0
0
9
0.5
374.5
2095
3815
4980
5555
5445
4580
3060
1071
56.5
4.5
4
2
0
0
0
0
0
0
0
0
0
0
0
105.5
731.5
1535
2070
2265
2180
1810
1161.5
445
16.5
4.5
1.5
0
0
0
0
0
0
0
0
0
0
0
0
61
477
949.5
1430
1495
1380
1160
741
283
8
0.5
1
0
0
0
0
0
0
0
0
0
0
0
0
73
515
1066
1640
2075
2085
1730
1130
306
13
0.5
0.5
0
0
0
0
0
0
0
0
0
0
0
0
52
436
865
1230
1565
1595
1490
978
336.5
8.5
0.5
0
0
0
0
0
0
0
0
0
0
0
0
0
10.5
221.5
754.5
1155
1505
1645
1245
796
316.5
15.5
1
1
0.5
0
0
0
0
0
0
0
0
0
0
0
116.5
897.5
1880
2555
2745
2580
1980
1245
409.5
7.5
2.5
1
0.5
0
0
0
0
0
0
0
0
0
0
0
39
393
863.5
1185
1315
1520
1270
604
118
1
0
0
0
0
0
0
0
0
0
0
0
0
0
0
85
904.5
1880
2410
2505
2225
1885
1079.5
306
12.5
2
1
0.5
0
0
0
0
0
0
0
0
0
0
0
33
608.5
1710
2790
3710
3725
3065
2145
743
14.5
1.5
0.5
0
0
0
0
0
0
0
0
0
0
0
0
23.5
756
2005
3155
3685
3220
2585
1595
470
7.5
1
0.5
0.5
0
0
0
0
0
0
0
0
0
0
0
72.5
1138.5
2665
3815
4255
3820
3030
1860
455
8.5
4
1
0
0
0
0
0
0
0
0
0
0
0
0
24
477
1415
2225
2825
3055
2600
1650
574.5
13.5
1.5
1
0
0
0
0
0
0
0
0
0
0
0
0
17
572
1495
2125
2255
2090
1575
911
250.25
1.5
0
0
0
0
0
0
0
0
0
0
0
0
0
0
1
78.5
307.5
523.5
636.5
592.5
430.5
200.5
28
0
0
0
0
0
0
0
0
0
0
0
0
0
0
0
9
318.5
1239.5
2570
3705
3970
3395
2175
620
7.5
4
3.5
1
0
0
0
0
0
0
0
0
0
0
0
31.5
769.5
2250
3600
4365
4465
3770
2415
697
9
3
1.5
0
0
0
0
0
0
0
0
0
0
0
0
1.5
151
699.5
1485
1830
1730
1660
1060.5
249.5
3.5
0
0
0
0
0
0
0
0
0
0
0
0
0
0
1
117.5
523
986.5
1355
957
636.5
299
48.5
1
0
0
0
0
0
0
0
0
0
0
0
0
0
0
3.5
169
725
1505
1920
1955
1575
989.5
235.5
1
0
0
0
0
0
0
0
0
0
0
0
0
0
0
4.5
360.5
1193.5
1760
1805
1595
1215
641
138.5
0.5
0
0
0
0
0
0
0
0
0
0
0
0
0
0
0
71
313
575.5
811
921
714.5
323
58
0.5
1
0.5
0
0
0
0
0
0
0
0
0
0
0
0
0
54
262.5
558.5
807.5
893.5
658
336
45
0.5
0
0
0
0
0
0
0
0
0
0
0
0
0
0
0.5
127
652
1215
1460
1325
922
489.5
105.5
1
0.5
0
0
0
0
0
0
0
0
0
0
0
0
0
0.5
221.5
1037
1835
2185
2015
1535
861.5
200.5
1
0
0
0
0
0
0
0
0
0
0
0
0
0
0
1
93.5
380
603
642
508.5
324.5
138
32.5
0.5
0
0.5
0
0
0
0
0
0
0
0
0
0
0
0
0
12.5
101
256.5
414.5
447
350
193.5
52.5
0
0
0
0
0
0
0
0
0
0
0
0
0
0
0
0
24.5
189.5
658.5
1008
1435
1330
735
132.5
0.5
0.5
0.5
0
0
0
0
0
0
0
0
0
0
0
0
0.5
409.5
1750
2990
3500
3230
2290
1161
205
1
3
0.5
0
0
0
0
0
0
0
0
0
0
0
0
0
0
52
294
526.5
676
592.5
304
47
0
0
0
0
0
0
0
0
0
0
0
0
0
0
0
0
81.5
504
935
1001.5
1043.5
719.5
304.5
31.5
0
0
0
0
0
0
0
0
0
0
0
0
0
0
0
0.5
134
546.5
1051.5
1640
1945
1750
1016.5
181.5
1
0.5
1
0.5
0
0
0
0
0
0
0
0
0
0
0
1
458.5
1825
2710
2480
1620
904
300.5
20
1
0.5
0.5
0.5
0
0
0
0
0
0
0
0
0
0
0
0
4
85.5
239.5
308.5
288
199.5
96
38.5
0.5
0
0
0
0
0
0
0
0
0
0
0
0
0
0
0
10.5
132
299.5
596
633.5
436.5
179
13
0
0
0
0
0
0
0
0
0
0
0
0
0
0
0
0
33
255
695
2005
2180
1905
1062
149.5
0.5
1
0
0
0
0
0
0
0
0
0
0
0
0
0
0
180
1038
1780
1735
1200
721
381.5
70.5
2
0.5
0.5
0
0
0
0
0
0
0
0
0
0
0
0
0
112
905
1865
2615
2775
2040
989.5
134.5
0.5
0
0
0
0
0
0
0
0
0
0
0
0
0
0
0
154
959.5
1590
1635
1520
1125
501
83.5
0.5
0
0
0
0
0
0
0
0
0
0
0
0
0
0
0
122.5
679.5
1550
1955
1940
1525
643
61
2
1.5
0.5
0
0
0
0
0
0
0
0
0
0
0
0
0
86.5
426.5
1122.5
1505
1465
1170
633.5
74
0
0
0.5
0
0
0
0
0
0
0
0
0
0
0
0
0
144.5
790.5
1760
2230
2345
1915
1000.5
129.5
0
6
0
0
0
0
0
0
0
0
0
0
0
0
0
0
124
907.5
1575
2020
1985
1560
828
104
0
0
0
0
0
0
0
0
0
0
0
0
0
0
0
0
10
117.5
289
355
286
147
37.5
9.5
0
0
0
0
0
0
0
0
0
0
0
0
0
0
0
0
185
1097
1705
1730
1280
709
242.5
22.5
0.5
0
0
0
0
0
0
0
0
0
0
0
0
0
0
0
196
1290
2600
3110
2685
1715
655
61.5
0.5
0
1
0
0
0
0
0
0
0
0
0
0
0
0
0
7.5
87.5
293
365
351
256
93.5
6
0
0
0
0
0
0
0
0
0
0
0
0
0
0
0
0
42
629
1865
2595
2430
1695
748.5
85.5
1
0.5
0
0
0
0
0
0
0
0
0
0
0
0
0
0
122
774
1580
2255
2020
1265
429.5
57
0
0.5
0.5
0
0
0
0
0
0
0
0
0
0
0
0
0
13.5
145
554
1071
1330
1140
564
84.5
2
0.5
0
0
0
0
0
0
0
0
0
0
0
0
0
0
83.5
751
1550
2140
2240
1660
765
109
0.5
0
0.5
0.5
0
0
0
0
0
0
0
0
0
0
0
0
2.5
102
332.5
480
473
354
155.5
14
0
0.5
0.5
0
0
0
0
0
0
0
0
0
0
0
0
0
54
472.5
1430
2095
2465
2080
1116.5
130
0
0
0.5
0
0
0
0
0
0
0
0
0
0
0
0
0
45.5
284
726
1015
955.5
639.5
255.5
30.5
0.5
0
0.5
0
0
0
0
0
0
0
0
0
0
0
0
0
13
225.5
638
895.5
870.5
721.5
368
50.5
0
0
0.5
0
0
0
0
0
0
0
0
0
0
0
0
0
32
393
947
1490
1705
1545
924.5
199.5
2.5
0.5
0.5
0
0
0
0
0
0
0
0
0
0
0
0
0
29
285
768.5
1025
1195
1052.5
488.5
96
0.5
0.5
0
0
0
0
0
0
0
0
0
0
0
0
0
0
12.5
223
717
1125
1265
1073
616.5
106
0
1
0
0
0
0
0
0
0
0
0
0
0
0
0
0
20.5
237.5
657
795.5
761.5
615
309
46.5
0
0
0
0
0
0
0
0
0
0
0
0
0
0
0
0
8
114.5
411.5
571.5
561
372
178.5
27.5
0
0
0
0
0
0
0
0