353
348
331.5
280
272
264
275.5
435
377
508.5
623
613.5
540.5
544.5
479.5
506
728.5
710
711.5
604.5
496
401.5
313
315
312.5
311.5
279
256.5
250
246
245
256
382.5
549
513
480
468.5
439
439.5
477
714.5
728.5
704.5
661
516
463
439
455.5
441.5
405
339
331
316
322
339.5
317.5
402.5
562
580
453.5
452
427.5
431
439.5
705
828.5
786.5
585
504.5
492.5
453.5
430
416
404.5
356
314
309.5
333.5
329.5
369.5
433
595.5
571
431
428
383
376.5
398.5
733.5
823.5
726.5
595.5
464
424
341
343
333.5
295.5
275.5
271.5
265.5
296
324
374
437.5
557
558.5
469.5
365.5
356
377
533
902
933.5
822.5
496
448
384.5
365.5
386
318
273.5
248
245.5
249.5
296.5
296.5
359
614
681
693
459
391.5
317
316.5
342
530.5
671
656.5
433.5
377.5
341
296.5
308.5
295.5
237
231.5
225.5
220
217.5
238
260
345
473.5
475
368
321
306.5
309.5
348.5
611
728
628
396
354.5
322.5
280
260.5
254
223.5
213.5
217.5
205
218.5
257.5
269
288
535.5
503.5
399
280.5
327
350
468.5
717
776.5
672
406
310.5
256.5
206
196.5
125.5
121
116.5
114
111
128
146
204
244.5
319
237
214.5
218
180
204
238.5
508.5
586
450
343.5
233
154.5
132
143
114
111
107.5
107.5
106
104.5
157.5
203
382
385
279.5
172
160.5
165.5
228
392.5
668.5
783
749
520.5
408
245.5
154.5
160.5
153.5
148.5
138
126.5
135
145
205.5
219
283.5
319
374
289.5
230.5
198.5
196
282
719.5
848
796.5
684.5
351
281.5
217.5
214
202.5
196
181.5
172
189
197.5
212.5
264
314
517.5
356
277
202.5
175.5
181.5
263.5
534
511.5
524
494.5
363
241.5
226.5
219.5
207
185
175.5
173
174
189.5
216.5
259.5
372.5
409.5
406.5
338.5
309.5
305
296
300
452
540
552.5
435
339
228.5
182
194.5
192
190
189
188.5
189.5
210.5
258.5
284.5
286.5
361
362
333.5
336.5
346
356.5
385.5
470
473.5
439
403.5
399.5
405.5
382.5
396.5
371
370.5
368.5
365.5
372.5
392
438.5
615.5
774.5
746.5
675
650.5
522
456
428.5
387
603
664
540.5
409.5
421
421
403
394
371.5
352
353
352.5
346.5
319
348.5
325
351
483.5
486
443.5
346
318.5
305.5
301.5
555
698.5
695
628
485
491.5
350
304.5
297.5
279.5
240.5
231.5
235
252
296.5
331
420.5
476.5
464.5
434.5
353
321.5
295.5
335
515.5
601
483.5
429.5
340.5
311
233.5
216.5
178
161.5
152
148.5
149.5
197
242.5
356.5
491.5
446.5
311.5
261.5
237.5
252
268
366.5
578.5
861
806.5
712.5
491
350.5
256
240.5
226.5
225.5
219.5
214
229
242
265
266.5
398
379
363.5
324
277.5
263.5
275.5
364.5
637
730.5
641.5
472.5
409.5
297.5
204
179.5
179
178
155.5
155.5
156
188.5
277.5
336
510.5
616.5
560
524
508.5
345.5
567
559.5
646
724.5
612.5
435.5
339
277
211
187.5
170.5
169
166.5
167
164
182
224.5
260.5
331
492.5
515
529.5
486.5
270.5
250
290.5
438.5
637.5
519.5
454
428
278
215
182.5
183
182.5
182
182.5
184.5
203.5
252
509.5
701
693.5
515.5
446.5
452
354.5
356.5
387
607
791.5
796.5
768
655.5
503.5
419.5
410
411
393.5
393.5
375.5
376
394.5
466.5
652
754.5
741.5
254
114
460
459
454.5
452.5
613.5
610
622
620
613
520
516
522
517
523
526.5
528
539.5
542
552.5
504
513.5
507.5
555
559
579.5
535.5
535.5
551
537.5
656.5
714
734
738
734
733.5
744
618.5
629.5
681.5
656.5
602.5
711.5
830.5
866.5
865.5
867.5
861.5
850
846.5
842.5
840
842
850
852.5
855.5
860
849
837
839
775
766.5
757.5
650
639.5
638.5
643
644
825.5
854
853.5
850.5
825.5
825.5
825.5
824.5
861.5
858.5
888.5
867
850
828.5
824.5
799.5
570
468.5
468
467
466.5
466.5
448
470
485
496.5
494
505
512
513.5
519.5
532
515.5
514
541.5
535
522.5
530
521.5
507
507.5
496.5
480.5
433
427
440.5
441.5
442.5
468
430
504.5
547
610.5
623.5
581
757.5
770
773
753.5
671
562.5
512
504
503.5
488.5
453.5
455.5
455
456.5
481.5
527
536.5
787.5
810.5
872
866
873.5
862
799
757.5
763.5
821.5
913.5
886
847
844
868
797
740
653
650
633.5
624.5
618
638.5
745
833.5
867.5
877.5
874
848
834.5
804.5
735.5
761
790.5
778.5
761
718
634
641.5
615
529.5
531.5
517
518.5
504
525
594
572
771
866
864.5
786
730
653
461
599.5
758
885.5
904
896
868
828
743
731.5
525
495.5
482.5
470
468.5
448
461.5
560
536
573
558
550.5
484
469.5
451.5
448
487
640.5
777.5
857.5
884
756
614.5
560
530.5
472.5
480.5
478
474.5
473
474.5
528.5
668
693
915.5
833
710.5
618.5
567.5
574.5
603
792
948
956.5
940.5
675.5
489.5
466.5
478
458
414.5
410.5
387
382.5
393.5
470
581.5
654.5
636
578.5
487.5
451
445
470
510
792.5
857
846.5
814
638.5
551
436.5
436.5
435.5
429.5
416.5
383
380
397
486
613
673
669
537.5
418
436.5
437
453
490
674.5
804
806.5
744.5
626.5
563
379.5
381
381
384
348.5
345
366
405
471
612.5
753
758.5
662.5
380
362.5
305
334.5
408
616
805.5
843.5
787.5
484
395
348.5
351
308.5
298
260
246.5
261.5
290
362.5
519.5
643.5
630.5
456.5
332.5
317.5
297
417
497.5
690.5
802
818.5
669.5
445.5
339.5
329
350
316
289.5
283.5
271.5
262
266
344.5
549
635.5
653.5
580.5
322.5
287
282
308
360.5
519
768.5
759
576
373
301.5
266
275.5
266.5
243
226
224
235
257.5
412
522
481
437
369
312
322
322.5
333
434
572.5
758
763.5
699.5
395
318
278.5
279
221.5
210
203
182
179.5
226
428
524.5
581.5
537
421
343
332.5
329.5
379
413
481
750.5
910.5
676
473
285
233
238
185.5
180
177.5
158.5
169
188
278
383.5
367.5
380.5
366
333
312
353.5
403.5
426.5
540
822.5
742.5
615.5
441.5
344
293
346.5
336
296.5
270
259.5
266.5
283.5
330.5
412.5
453
468.5
465.5
435.5
417.5
409.5
367
409
511
664
766
649.5
574
470
326.5
301.5
253
252.5
248
224.5
231
316
433
507
550
524
423
397.5
377.5
364
373.5
445.5
558.5
726
730.5
676
507.5
322.5
283
265.5
229
224
202.5
201.5
221.5
243.5
309.5
388
530.5
817
693
543
447
399
400
433.5
437
636.5
704.5
710
648
554
485.5
478
468.5
383.5
363
358
354
364
376
368.5
392.5
433
386.5
387.5
346
317
351.5
373
479.5
615.5
649.5
634
529.5
446.5
405.5
399.5
390
379.5
349.5
339
338
357.5
421
523
549.5
539
437.5
436
416.5
418
436.5
460.5
506
621
706.5
702.5
644
475.5
441
435
397.5
389
383.5
378.5
390
402
499.5
668
790.5
789.5
593.5
516.5
497
508
524
573
633
691.5
653.5
627
488.5
406.5
372
382.5
364.5
387
377
366.5
379
407.5
434
547
650.5
737
645.5
557.5
529.5
522.5
537
545
613
699.5
827
718
572.5
478
448
477
440.5
424.5
420
409
359
369
400
452
470.5
628
572.5
573.5
580.5
536
485.5
527.5
645.5
730.5
731
719
696
525
489
531.5
452
433.5
419
418.5
426.5
460
491
726.5
756.5
762.5
756
636.5
568
567.5
561.5
669.5
787
746
747
715
624.5
532
477
483.5
454.5
458.5
460
476
478.5
487
499.5
660.5
632
626.5
623
557
518.5
527.5
524.5
584
686
680.5
688.5
656
576
506.5
498
494
415
372
348.5
338
337
371.5
510
571
580
569
550
480
467.5
461
463
488
533
770
832.5
689.5
561.5
374.5
327
319.5
285
279.5
252
243
252
291
400.5
485
492
490
443
355.5
312
311
316.5
331.5
482
781.5
889.5
834.5
553.5
396
314.5
284.5
229.5
224.5
189.5
197.5
212.5
266
392.5
571.5
602
514
433
371.5
337
277.5
280
276.5
354.5
671.5
777.5
631.5
439.5
255.5
247.5
269.5
247.5
252
235.5
227.5
245.5
246.5
284
310
444.5
443.5
348.5
319.5
285.5
234
226
238.5
393.5
676.5
695.5
675.5
333
255.5
216.5
224
214.5
208
189.5
189
186
204.5
222.5
206
247
275.5
308
292
325.5
326
316.5
310.5
433
672
687.5
635.5
393
335
213.5
195
194.5
195.5
174.5
172.5
182
201
334
429.5
566.5
491
306
205.5
210.5
213
242
267
306.5
643.5
711.5
636.5
451
386
285.5
196.5
176
164.5
154.5
144
165
210
346.5
450
506.5
550
428.5
222
195
180
170
215
311.5
647.5
904
874.5
706
510
125
172
172
154.5
153.5
159.5
304.5
444
540.5
688
702
703.5
547
310.5
298
311
324.5
365
514
854.5
964
935
594.5
419.5
375.5
423
374.5
362
343
343.5
354.5
437
643
834
831.5
739.5
655.5
590.5
541
534.5
544
611
740.5
838
920.5
860
791.5
483.5
449
436
461.5
394.5
313.5
302
290.5
612
607
705.5
838.5
809
753
595.5
630
545.5
516.5
499
528
857.5
891
833
605
461
429
315.5
241
215.5
214
212
209
210
306
339.5
456
537
525.5
335.5
304
236
238
241.5
423.5
524
559
538.5
417
240.5
226
213.5
213
208
203
190.5
191
209.5
232.5
256.5
325
426
456
361.5
239.5
238.5
236.5
258.5
463.5
501.5
562
498.5
267
214.5
206
206.5
204
188.5
185.5
186.5
184.5
207.5
216
294
304
439.5
432.5
306
271.5
240.5
232
230.5
277.5
473.5
525
517
465
183.5
138.5
136.5
135.5
134
133.5
113
110.5
145
226
265.5
303
316.5
306
308.5
236.5
202.5
177
194.5
423
466.5
500
460
269.5
197
211
211
243
251.5
206
189
189.5
209.5
282.5
374.5
388.5
354.5
274
231
204.5
165
160.5
177.5
239
375
463.5
447
342
204
178.5
178
161
162.5
160
139
136.5
147.5
205
307
374
321
205.5
150.5
123
120
137
138
177.5
183
536
511
293
211
174.5
160
156
139.5
118
115.5
114
114.5
168
330
363.5
339.5
221
165.5
150
141
141
154
202
336.5
602
493
277
164
146.5
130.5
128
92
90
89.5
88
97
143
226
291.5
297.5
244
168.5
137
130
132.5
148.5
204.5
363
412
351.5
201.5
176
134
129
128
111
135.5
117
129.5
136.5
169.5
207.5
253.5
301.5
306
292
169
144
145.5
158
202
358.5
443
392.5
246.5
178
140
125
84.5
83.5
86
84.5
98
101
174
207
323
307
229
157
125.5
115
115
116
184.5
407
405
225
148
105.5
90.5
70.5
68
68
67
64.5
64
91.5
228
235
367.5
386
232
178.5
165
151.5
147
200.5
278
440.5
550.5
526.5
285
181.5
118.5
122
111
102
88.5
76
75
83.5
220.5
409
436
296.5
156
135.5
143
130
130.5
138
191.5
307.5
360.5
358
212
160
148
154.5
156
135
175
185
172
182
280
328.5
316
286.5
229
210.5
204
183
168.5
229.5
314
452
609
517
337
346.5
305
269
245
234
188.5
163.5
163
208.5
282.5
409
415
289
279
264.5
244.5
249
272.5
300.5
319.5
505
591
517
239.5
192.5
181
155.5
155
149.5
113.5
95
94.5
102
206.5
247
289.5
332.5
243
219.5
187
171.5
184.5
229.5
280.5
469.5
562
509.5
208.5
163.5
135
119
115.5
114
79
78
78
87
124.5
134
172.5
206.5
238
331
312
230.5
228
233
257.5
87
468.5
520
481
393
218.5
157.5
216
140
100.5
101
101
125.5
132.5
297
375.5
317
210
180
158
129.5
127
124.5
171
413
548
573.5
504
240
174.5
171
168.5
129.5
127.5
127
108.5
103
135
314.5
345
261.5
144.5
108
103
111.5
108.5
129.5
188.5
357
534
544
371.5
194
133
129
110.5
94.5
94
93.5
102
117.5
201.5
307.5
335.5
206
129.5
97
111.5
111
114
139
249.5
280.5
384.5
381
295.5
261
242
219
208
207.5
211.5
218.5
225
231.5
292.5
418
457
366
332
306
230.5
229.5
224.5
247.5
368.5
505
563
553
354.5
282.5
255.5
244.5
218.5
172
186.5
180.5
172.5
277.5
384
434.5
493
414.5
337
341
339.5
316
307
389.5
401
619
681
638
669.5
420
366
351.5
264.5
188
170
168.5
169
264.5
377
452.5
472.5
389.5
328.5
290
277
254.5
253
279.5
339.5
505.5
595.5
658
416.5
288.5
285
344
318
236
173
171.5
186.5
236
254.5
294.5
476
483
348.5
313.5
271
262
265.5
295.5
357.5
526
743
743.5
621
373
240
151
149.5
147
145.5
145.5
194
225
355
465.5
419
363.5
302
271.5
232.5
224
231
270
487
636.5
728.5
501
250.5
224.5
143
141.5
141
139
139
138
193
261
478
500.5
435
302.5
214.5
205.5
207
216
234
272
586
640
660
488
397.5
308.5
226
185.5
140
120.5
114.5
113.5
159.5
337
421.5
522.5
538
482.5
412.5
240.5
208
213
238
274.5
420
450
260
568.5
301
160.5
125
118
93.5
91
90
91
135.5
284
552.5
696.5
665.5
496.5
271.5
198
120.5
118
175
197.5
251.5
310.5
342.5
288
181.5
154.5
132.5
119
107
105.5
115.5
130
150
165
285.5
440.5
461
398
363
226
281.5
183.5
91.5
117.5
321.5
438.5
540
426
302
213.5
174
133
117.5
112
109
109
123.5
141
154
275.5
370.5
357
270
126
108
107
107.5
124.5
374.5
632.5
689
661
380.5
189
129
107.5
132
243
266.5
220
131
140.5
109.5
130.5
206
231
215
167.5
116.5
87
87
87
154
410
418
383
273.5
207
194
164.5
129
107
106
107
107.5
125
114.5
110.5
194.5
218
125
72.5
66
58
58
66
161
312.5
356
357
234
134.5
139.5
136.5
138
135.5
135.5
133
133.5
153
150
178
341
244.5
107
46.5
45
51.5
90.5
145
187.5
308
352.5
362
219.5
132.5
135
131
124
135
139
136.5
129.5
151
219
446.5
512
346
293.5
253.5
147
157
164
168.5
247
420.5
449.5
448
303
228
236
229
231
229.5
227
227.5
312
331.5
408.5
545
413.5
369
234.5
172
143
140.5
167
177
295.5
348.5
519
506
405.5
264.5
241.5
224
225
222
222
253
265
360.5
340.5
291.5
275.5
220
151.5
137
122.5
112.5
164.5
204
293.5
426.5
365.5
343.5
300
241
222
187
166.5
166
166
183
192
240
305.5
407
527
525
342
225.5
183.5
189
196
244.5
350.5
588
605.5
603.5
392
252.5
271.5
263.5
243.5
212
211
211
214.5
316
384
422
572
547.5
490
416.5
234.5
174
175
181.5
454
657
659
639.5
376.5
228
243.5
248
232
228.5
210
209
226.5
293.5
358.5
672
747.5
722
665
588.5
471.5
448
486.5
564.5
615
557.5
463
396.5
244
188.5
182
155.5
133
127.5
129
130
126.5
130
182
218
351.5
562.5
474.5
308.5
149
124.5
134
278
396.5
508.5
649.5
571
428
395.5
262
157
153.5
138
134.5
134
173.5
188
334
391
533.5
530.5
464.5
285.5
239
189.5
235.5
523.5
689.5
690
678
648.5
448.5
405.5
229.5
168
147.5
151
157.5
159
178.5
182.5
248.5
385.5
488
525.5
418
311.5
207
160.5
179
221.5
378.5
553.5
553
452
296.5
246
216.5
160.5
149
147.5
145.5
143.5
179.5
216
289
402.5
513
515.5
627.5
578.5
466
447.5
339.5
398
661.5
666.5
681.5
696.5
524.5
378
283
215
186
153.5
150
102
103.5
101.5
143
218.5
475
292.5
500
397
338.5
330
332
394.5
508.5
515
487.5
418
360
325.5
210
181
132.5
126
127
137.5
181.5
229.5
337.5
373
404.5
404.5
384
327.5
255
169
238.5
277.5
459.5
560
554.5
448
408.5
329.5
195.5
148
145.5
144.5
146.5
133
187.5
289
471
497
461.5
466
449.5
414.5
321
249.5
251.5
280
353.5
377.5
380.5
365
304.5
298.5
254.5
233
234
232
223
241
243
299.5
348
353
347
331.5
290.5
309
297.5
298
306
309.5
350
365
384
385.5
372.5
322.5
299.5
293
291.5
292
298.5
342
347
420
518
601
521.5
510.5
505.5
508
445
407
411
455
623
684
702
625
444.5
358
307
304.5
301
300
300
316
344.5
422
569.5
582.5
541
453.5
408.5
487.5
365.5
361
393.5
445
546
636
644
597.5
524
411
369.5
368.5
366
345
337.5
347
408.5
486
538
541.5
557
443.5
361
340
351
356.5
366.5
394.5
510.5
567.5
558
551
461
392.5
276
268
266
248
243.5
243
264.5
348
528.5
538
538.5
494.5
388
362
361
341.5
361
413
445
534
622.5
626
543.5
403
240.5
193.5
173.5
168.5
167
171
224.5
302.5
413
429.5
456.5
461
450
371.5
286
267
271
379.5
414
464
530
561
531.5
334.5
236.5
175.5
142
142
141
176.5
228
270
333
481.5
443.5
467.5
388.5
302
311
321
345
390.5
463.5
445
455
381
331.5
321.5
261.5
188.5
166.5
163
164
162
206.5
313
414.5
444
365.5
324
301.5
288.5
293.5
292
311.5
470.5
666.5
695
667.5
658.5
454.5
347.5
250
207
192
179.5
173
193.5
260
367
528.5
576
598
596.5
451
392.5
336.5
262.5
292.5
433
663
707
724
702
553
400
293
254
231.5
229.5
228.5
238
268
343
416.5
522.5
503
512.5
489.5
365.5
334
340.5
447.5
438.5
663.5
721.5
746
723
708
523
370.5
287
255
247
241.5
263.5
318.5
407
579
689
685.5
514.5
522.5
480.5
452.5
476
494
529.5
627
739.5
637.5
448
414.5
331.5
327.5
285.5
281
261.5
272.5
271
305
383.5
388
478.5
496
684
683.5
572.5
418
330
353
403
574.5
722.5
568.5
452
397
340.5
329.5
326.5
319
261
232.5
234
247
295
322
503
479.5
479.5
467
348.5
328.5
306.5
309.5
370
553
707.5
717
592.5
418
379
324.5
290.5
288.5
289.5
292
293
293.5
328.5
469.5
511
499
405.5
385
342.5
318
319
322
352.5
707
741
655
583
475
254
236.5
233.5
232.5
218.5
223
222.5
228
224
326.5
477
466
408.5
271
260.5
275
274
278.5
332.5
391
411.5
457
471
410
269
262
260.5
257.5
256.5
259
267
274.5
308
341.5
599
521
451.5
328
311.5
271.5
250.5
270.5
316.5
379
427
456
482.5
437.5
319
306
354.5
296.5
296
299.5
307
305.5
353
505
711.5
685
454.5
359
267
266.5
267
227
254.5
379.5
500
557.5
510.5
323.5
293
262.5
265.5
245
226
235
243.5
246
361.5
490.5
542
545.5
397
345.5
320
300.5
291.5
308.5
348.5
431.5
517
552
553.5
391.5
322.5
302.5
301
281
287.5
292.5
291.5
301.5
318.5
397.5
523
673.5
378
301
263.5
237
238
227
244
326.5
499
589.5
613.5
560.5
449
369.5
307.5
299
287
277
274
265
265.5
333.5
659.5
659
589.5
415
290.5
249
251
251
263.5
350.5
489.5
529
609.5
591.5
537
364
339
267
248
235
233
231.5
247
347.5
401.5
369.5
351
299.5
284
298
277
278
286.5
345.5
463.5
588.5
729
594
450
453.5
391.5
350.5
331.5
330
248
224.5
270
364
431.5
412.5
351.5
272
269.5
252.5
251.5
247.5
277
325
574
723
651.5
569
356.5
303
265.5
243
229
227.5
233
239
296.5
380
403
391
370.5
317.5
307.5
272
246.5
258
310
380.5
386
498.5
527.5
480.5
319
252.5
252.5
251.5
227
221.5
229.5
254
333
468.5
683
533.5
126
271.5
312.5
288
287.5
311
360.5
422.5
438
634.5
710
670.5
461.5
427
368.5
337.5
308.5
276
204.5
241
266.5
354
469.5
276.5
270.5
257.5
229
227.5
229
201
286
333.5
613
601
607
601.5
366.5
347
265
238.5
205.5
207.5
208
248
274
332
392.5
597
612.5
324
290
267.5
268.5
280
313
557
639.5
701.5
684.5
553.5
344.5
288
244.5
245.5
205.5
203
202
200
239.5
264.5
323.5
367.5
442
348.5
255
229
227
265
344.5
406.5
674
611
612
687
499
434.5
372.5
318.5
192
173.5
170.5
188
232
333.5
401.5
380.5
304
254
198
184.5
196
220
299
351.5
545
619.5
625.5
617
339
292.5
266
263
227.5
207.5
205.5
225.5
284
560
573
534
374.5
350
233.5
210.5
181.5
235
374.5
584
548.5
446.5
417
315.5
218
173
124
67.5
64.5
63
59.5
74.5
264.5
330.5
356
308
254
237
208.5
199
193
214
308.5
404
413.5
422
358.5
266.5
111
76.5
57.5
53.5
49
31
31.5
48
173
264.5
319.5
271.5
219.5
207
186
150.5
141
148.5
242.5
317
478
464.5
427.5
389.5
212
94.5
75
56.5
38.5
38
37.5
65
209
378
486.5
477.5
260
214
185
153.5
161.5
160.5
241
363.5
604
637.5
630
498.5
288.5
286
244
229.5
209.5
208
187.5
234.5
365
420.5
562
570
348
103
95.5
86.5
85
76.5
132
285
379
584
589.5
545
268
174.5
88.5
85
64.5
45
43.5
41.5
63
291
333.5
257.5
238
118.5
114.5
69
61
53.5
93
307.5
493.5
630.5
628
593
322.5
261.5
158.5
138.5
122.5
104.5
104
101.5
116.5
383
497.5
497
303
159
112.5
78
76
83.5
169
396.5
561.5
511
447
365.5
275.5
221.5
122.5
90
87
85.5
85
87
171
257.5
473
352
218
149
127
115.5
88.5
127.5
211.5
362.5
391
380
357
234.5
175
165.5
109.5
76
59
58
57.5
58.5
128.5
294
536.5
532.5
236
102
92.5
71.5
79.5
118
266.5
400.5
478
526
377
247
150
104
60
61.5
42.5
40
40
61
127.5
297
507
487.5
274
125
126
102
103
115.5
342
523.5
607.5
502
353.5
276
119
91
83.5
68.5
67
66
63.5
69
147
236.5
502.5
439.5
382
224
168
119
118
137.5
262
314
327.5
218
208
173
87
65.5
64
64
64
64
64.5
80.5
164
182.5
336.5
340
264.5
173.5
142.5
83
82.5
82
89.5
272.5
385.5
400
265
192.5
83.5
84
84.5
86
69.5
58
56.5
58.5
148
222
365
450
494
351
145.5
59.5
59
58.5
76
284.5
402.5
399
265
216
122
94.5
68
67
67
67
67
53
88.5
188
394
471.5
600
348
190
100
78
76
90
251
387
381.5
250.5
200
124
111
112.5
113
101
105
89.5
97.5
134
232
375.5
521.5
535
453
262.5
108.5
72
82.5
108.5
289
385
383.5
238
180
75
57.5
58.5
59
59.5
58.5
57.5
56.5
71.5
157.5
370.5
461.5
396.5
188
130
66.5
72
88
280.5
527.5
463.5
347
215
153
102.5
88
72
86.5
68
67.5
57.5
49
83
140.5
393.5
447
382
440.5
314
165.5
178.5
156.5
278
329.5
355
316.5
254.5
217
119.5
106.5
45.5
45
45.5
44.5
45
63.5
97
163
380.5
402
382
322
272
145.5
122.5
132.5
199
232
267.5
292
181.5
133
102.5
71
45.5
45
45
43
44
62.5
60.5
80
212
278
271.5
166
125
112
116
118.5
133
168
235.5
355
328.5
266.5
227.5
157
120.5
121.5
120.5
120.5
119
119
137
154
262.5
332
336.5
227
208
170
168
166
182
221
288
332
327.5
308
252.5
196.5
180.5
150.5
149
148
132
89
80.5
111
195.5
331
335.5
213
204.5
157.5
70
56
67.5
300.5
309
330
324.5
252.5
98
66
49.5
44
43
41.5
39.5
38.5
38
38
105
279
304
250.5
159
81.5
58
49.5
165
276.5
270
125.5
100.5
73.5
40
41
41.5
41.5
41
42.5
42
42
42
62.5
181.5
296
297.5
209.5
114
36.5
38
45.5
173.5
269
279
147
107.5
78
35
34
33
33
32.5
32
32
50
70
98
241
245.5
165
99.5
57.5
58.5
63.5
93
117
264
359
359
359.5
177
173.5
47
38
38
38
37
39
72.5
73.5
121.5
342
474.5
487
247
133.5
90
89
79.5
93.5
262.5
284
246
124.5
82.5
47
45.5
44.5
43.5
42
42
42.5
58.5
59.5
59
86.5
140
155
72
63.5
57
59
85.5
178.5
224
277
373.5
342
280.5
200.5
142.5
62
61
61
59
57
55.5
55
54.5
65.5
132
151.5
90.5
79
75
55.5
60
171
253
339
364
294
214.5
157.5
132
62
64.5
64
64
63.5
62.5
78
77
85
121
132.5
132
110
55
48.5
57.5
122.5
242
346
314.5
185.5
136
115
69
68.5
68.5
67.5
66
66
64
68
192
388
333
189.5
82
69
42.5
52.5
67.5
75
251
267.5
163
87
101
83
84
76.5
68.5
69
69
69.5
69.5
144.5
142.5
284.5
314.5
180.5
103.5
74.5
47
56
56.5
68
246
244
150
64
55.5
42
47.5
49
37
35.5
35
65
73
81.5
105
147.5
153
100
91.5
102
129.5
130
127.5
143
159
162.5
216
214.5
138
99.5
117.5
90
79.5
64.5
66
83.5
65
161.5
270
313
340
303
228
219
71.5
56.5
76.5
148.5
473.5
501
399.5
223
155.5
108
97
76
75
73.5
72.5
71.5
70.5
127
181
242.5
195
153.5
115
82.5
76
76.5
90
149
238
284.5
272
280
246
213
202
131.5
121
108
104.5
97
99.5
100.5
116
124
218.5
202.5
181.5
142
81.5
82.5
93.5
139.5
289
311.5
268
230
123.5
81.5
73
73
73.5
69.5
48
48
50
91.5
128.5
143.5
164.5
161.5
55.5
50.5
50.5
51
57.5
63.5
131.5
159
154.5
98
72.5
57
55
54
55.5
56
55
55
55
84.5
314
494
522
230
197.5
449
433
334
192.5
380
515.5
534.5
155.5
98
60.5
41
41.5
42.5
46.5
44
41
38.5
55.5
56
92
191.5
272
305
219.5
113.5
50.5
50
84.5
247
305.5
328
317
268
139
72
52.5
52
51.5
50.5
47.5
46.5
55
81.5
88
106
171
144.5
131.5
65
71
72
78.5
161.5
259
255.5
259
229.5
155.5
102.5
98.5
84
82
81
81
81
80
81
132.5
206.5
453
348
102.5
79.5
66
65.5
60.5
82.5
351.5
453.5
451
522
325
107
62
58
57.5
58
56
55
55
55.5
91.5
204
369
388
318
250.5
133.5
57
56.5
187.5
475.5
542
487.5
401.5
372
142.5
62
59
58.5
57.5
56.5
55
54
53
76.5
200
346.5
430.5
227
73.5
73.5
70.5
62
60
167.5
389.5
570.5
554.5
477
263
96
95.5
96
96.5
94.5
94
95.5
139.5
212.5
262.5
251.5
239.5
73
37
36
35.5
36
197
447
531.5
518
317
114.5
107
45.5
41
39
39
39
38.5
39
42.5
118.5
175
171.5
109
63
60.5
64
59
73
245.5
417.5
449.5
439
306.5
177
70.5
73
72.5
72
72.5
72
59
53.5
60.5
144
170.5
153.5
112
41.5
47
47
36.5
46
176.5
302
260
243
123
25
25
25
23.5
21
20
20
20
20
22.5
113
154.5
140
109
104
99
59
33.5
23.5
89
237
268
256
72
38.5
33.5
31.5
18
18
18
18
18
18
22.5
95.5
215
200.5
105.5
77
60.5
23.5
25
38.5
114.5
282.5
295
243
46
24
24
22.5
20.5
20
20
20
20
20
20.5
75.5
235
249.5
121
62.5
34.5
25
24
47
153
268
276
233
109.5
42
39.5
25
21
21
21
21
21
21
21.5
49
95.5
130.5
159.5
166
61
56
56
47
57
115.5
206.5
238.5
227.5
188.5
115.5
78.5
38.5
37.5
36.5
36
36
38
64
96.5
124
201
213.5
165.5
122.5
77.5
72.5
68.5
128.5
216.5
238
236.5
100.5
85.5
48.5
37.5
35.5
35
35
35
35
35
35
56.5
96.5
118.5
107.5
36.5
44
44.5
50
64
111.5
285
285.5
297.5
258.5
224.5
167
149
72
72
72
72
84
84
84
127
171
173.5
176
114.5
72
72
72
58.5
186
235
263
236.5
192.5
109.5
58
50
20
20
20
20
20
21
39
39
84
132
118
100.5
101.5
53.5
71
118
241.5
275.5
272.5
191.5
123
43
29
34
35.5
33.5
32
31
31
31
32
69
216.5
237
168
129
107.5
41
57.5
100.5
189.5
280
280
245
126
51
36
20.5
21
19.5
19
19
19
18
18
42
162
167
119.5
59
41
41
45.5
48.5
112.5
272
294.5
290
205
126
106.5
85
19.5
20
20
20
19.5
18
18
44.5
140.5
153
56
54
37.5
36
34.5
44.5
113.5
293.5
305
302.5
206
137.5
94
87.5
19.5
19
19
18
18
18
18.5
32
85
328
256
129
94.5
91.5
46.5
35
36.5
148
289.5
292.5
216.5
39
47.5
52.5
53
53
52.5
50.5
49
71
85
84
202.5
221
206.5
191
174
131
113
114
170
318
332.5
299.5
194.5
165.5
108
114
114
97.5
96
96
96
98
132.5
174.5
265.5
232
149
131
129
110.5
107
98
194
386
317.5
264
184
170
106.5
85
71
68
67.5
67.5
67
67
86
132
161.5
235.5
353.5
196
136
29
30
25.5
177
359.5
323
246
143
109.5
41.5
38
38
37.5
37
36
36
37.5
66
122.5
212
349
304.5
378.5
376
259
46.5
73.5
308.5
362
406.5
357
146.5
132
76
73
73
71.5
70
59
19
19
19
40.5
150
159.5
112
92
53.5
21.5
32.5
41.5
100
178.5
247
251
121.5
94
94
89.5
21
21.5
22
21
20
20
20
68
129.5
144
112
75
47.5
27.5
34.5
40
105
237
286.5
219.5
101
94
38.5
36
20
20
20
20
20
20
20
29
249.5
209.5
188
152
106
49.5
55.5
104
454
519
515.5
380
126
98
98.5
92
24.5
21.5
20
20
21
37
55
58
115.5
139
112.5
80
57
76
89.5
106
243
370
274
210.5
153.5
129
54.5
53
53
53
53
53
53
72.5
84
101.5
136
157.5
136
118
77
69
69
89
177.5
301
291.5
213.5
145
111.5
53.5
53
53
53
53
53
53
53
69.5
94.5
161.5
164
135.5
103
100.5
55.5
54
73
166
265
270.5
226.5
159.5
87.5
76.5
51.5
51
51
51
51
51
51
51
88
190
202.5
166.5
115.5
65
33.5
20.5
25
122
199
222
176.5
133
34.5
33.5
18
20
20
20
20
20
20
20
40
147.5
169.5
130
94.5
58.5
46
27
27
72
193.5
223
221.5
172
118
101
60.5
38
38
38
38
38
38
38.5
38.5
124
179.5
164.5
105.5
58.5
57
57
56
90.5
236
274
282
287.5
241
188
130
93
93.5
93
93.5
94
92.5
112
134.5
224.5
236
213
197.5
176
130.5
127
126
155
268
272.5
304
306
236
223.5
175.5
118.5
117
116.5
114.5
114.5
106.5
67
120
169
219.5
179
121.5
104
63.5
57.5
59.5
128.5
241
265.5
265
181.5
135
106
104.5
72.5
72
72
72
72
72
75.5
134.5
192
232
193.5
135.5
111.5
84.5
81.5
99.5
227.5
260
293
270.5
185
149
102
100
68
65.5
66
66
65
66
97
104.5
283
318
191.5
116
107.5
87
64.5
101
203.5
328
342.5
288.5
187.5
155
83.5
81
64
64
64
64
64
64
92.5
102
206.5
410.5
237
172
117
93
68.5
100.5
155
318
331.5
282
195
160.5
107
103.5
89
87.5
56
65
73
74
87.5
119
135
162.5
127
90.5
73
71.5
57
57.5
146
189
220.5
223
213.5
160.5
121.5
119
95
94
94
79.5
79
78.5
76
92.5
108
179
181.5
142
77
75
74.5
73.5
188
287
331
308.5
212
194.5
121
121
111
98
68
68
68.5
78
104
126.5
179.5
256.5
254.5
110
78.5
117.5
57.5
60.5
146
276
381.5
352.5
177.5
163.5
80.5
75.5
54
54
38.5
38
38
27
58.5
135
200
193.5
136
70
48
49.5
54
56.5
78.5
249.5
310
334
169
109
85
82
81.5
78.5
63
63
63
64.5
95
125.5
295.5
280.5
107
91
84.5
82
97
195
197.5
351
375.5
258.5
140
109
104
82
81
78.5
64
64
65
87
127.5
198
291
308.5
152.5
100
84.5
82
82.5
96
179.5
342
354.5
301.5
183
124
73.5
67.5
66
67
58
57
53.5
51
70
123
254.5
266.5
210.5
107
92
93
90
151
278.5
418.5
495
488.5
360.5
241.5
202.5
182
153
70
53
52.5
52.5
56.5
151
178.5
344
402
198
109
107.5
75.5
90.5
75.5
183.5
244.5
472
499
489.5
356.5
315.5
229.5
92
90.5
90.5
90.5
91.5
91
92.5
107.5
238.5
288
224
194.5
100
90
79.5
82.5
220.5
355.5
443
477
471
425.5
370.5
209
83.5
77.5
77
77.5
78
86.5
99
220.5
271.5
275.5
176
105
91.5
88.5
74
93.5
154
227
406
447.5
440.5
332
222.5
142.5
74.5
73.5
72
71
86
87
105.5
211.5
262
303
143
83
68
95.5
215.5
138.5
408
507
549
550
278.5
121.5
78.5
75.5
74.5
64.5
64
64
64
67.5
99.5
139
227
228.5
149.5
82
81
80.5
89
110
151
267.5
285
286
226
202.5
109
86
83
65.5
64
64
64
73
122.5
192.5
311.5
401.5
185.5
216.5
171.5
63.5
53.5
72
134.5
238.5
256.5
217.5
187
138.5
117.5
118.5
99.5
80.5
79
79
86.5
95.5
134
183.5
481.5
489.5
316
308
236.5
158
84.5
90.5
105.5
213.5
255.5
278.5
379.5
300.5
125.5
103.5
102.5
105.5
105.5
105.5
114.5
122
132
160.5
237
315.5
261
139
131
85
113
66.5
84.5
156.5
263
184
146.5
100.5
98
80
80
64
63.5
64
64.5
80
80
100
144.5
192
168.5
134.5
99
68.5
63
65
261
420
498
463
363.5
229.5
135
134
93.5
76.5
76
82
87.5
104
105
166.5
442
492
375.5
155.5
111.5
45
25.5
29
54.5
179
413
375.5
321
251.5
193.5
151
89.5
66
63
61
51
41
40
97.5
317.5
496.5
445
245
152.5
99.5
99.5
102.5
117.5
327.5
428
409.5
338.5
159
99
87.5
76
68
60
60
59
59
60.5
86.5
363.5
406.5
263
125
67.5
58
54
82
135
318
436.5
444.5
329.5
239
118.5
98
87.5
87
87
85.5
85.5
101.5
119.5
199.5
526
468
351
217.5
134.5
141
134
162.5
193
229.5
352.5
483
386
314
194.5
152
108.5
108.5
107
105.5
107
128
160.5
238
582
606
366
225.5
145.5
113
103.5
136
167.5
268
286
288
264.5
213
196.5
185.5
183
147
124.5
123.5
129.5
164
182
221.5
358
342
222.5
198.5
177
151.5
149
157.5
195
299.5
409
470.5
546
421
189
199
150.5
157.5
166.5
167
182.5
166.5
104.5
93.5
114.5
208.5
256
188
142
117
113.5
203.5
230.5
320
363
401
485
428.5
281.5
176.5
104
85.5
85
61
58
94
123.5
195
352.5
550.5
653
612
710
633.5
629.5
571.5
556
554
535.5
458.5
375
222
180.5
164
79.5
58.5
57
58
91
95
129
301
574
590
548
487
332
266
182.5
180.5
264
417.5
398
325
208
145.5
115.5
94.5
70.5
60.5
59.5
59.5
58
75
119.5
233
449
473
501
288.5
201.5
179.5
185
215
355.5
517
508.5
445.5
395.5
225.5
174.5
123.5
124.5
102.5
82
81.5
92.5
116
134.5
214
618.5
611
583.5
628
453
509.5
238.5
184.5
200.5
344.5
452.5
682
564
340.5
372
270
178
109
107.5
105.5
106
126.5
161.5
229
494
394.5
272.5
212.5
191.5
185
182
187.5
379
593
749.5
716.5
527.5
211
142
134.5
121.5
104.5
100
97.5
97.5
104
102.5
146
314.5
390
317
215.5
178.5
146
143.5
171
244
347.5
455.5
441
502
334
168
157.5
150.5
104.5
101
101
100.5
112
123
197.5
387
314
219
204
182
163.5
179.5
198.5
361.5
435
581
498
479
313
220.5
208.5
180
156
156.5
156
156
173
174
223.5
347
397
296
192
185.5
167
156
197.5
269.5
658
501.5
489
574.5
363
237
126
120.5
97
96
95.5
95
124.5
157.5
273
387
359
263
108.5
107
96.5
104
158
316
424
501
497
471
284
189
165
134
134
134
133
133
135
178
346
468
566
397
260.5
203
153.5
177.5
191.5
216.5
342
396.5
519.5
398.5
215
118.5
106
106.5
70
66
67.5
66.5
93.5
115.5
190
242.5
273
244
192
188
173.5
164
150
203.5
377
362
439.5
530.5
258.5
168.5
169.5
150
149.5
149
100
95
94.5
124
167
261
294
223
173.5
176
114
95
82.5
230.5
339.5
399.5
398
368
214
69.5
38
38.5
38
38
38
38
39
68
196
281
301
245.5
228.5
190
164
65
72
259
499.5
593
613.5
586
203
138
80.5
79.5
68.5
68
68
68.5
61.5
47
81.5
183
265
179
127.5
119.5
87.5
87
88.5
125
273.5
355.5
370.5
466
375
222
102
97.5
106.5
104.5
102.5
66
71
58
183
246
254.5
149
90.5
73.5
78.5
53
54
142
258.5
348
327
258
66
44.5
23.5
22
22
22.5
23
23
24
87.5
217
292
286.5
127
111.5
95
60
58
63
180.5
300
342.5
326.5
264.5
71
33.5
23
23
23
23
23
23
50.5
161.5
255.5
433.5
454.5
265.5
156
130
95
97
154.5
262
368.5
379
391
368
309
167.5
110.5
94
93.5
93
93
94
95.5
144
275.5
381.5
428
233
130.5
122
113
110
109.5
134.5
211
291
381.5
317.5
113
112.5
102.5
50.5
51
51
51
55
98.5
127.5
170.5
257
232.5
155
112
112
119
116
116.5
144
261.5
324.5
381.5
317.5
196.5
140
121
70
70
70
70
70
82.5
127.5
180.5
266
287
296
181.5
121.5
105
102.5
109.5
129.5
202
332
340.5
318.5
152.5
142.5
124.5
80
79.5
69
69
69
95.5
96
117.5
187.5
191
226
234
209
185
137
135
138
176.5
291
405
432.5
314.5
188.5
165.5
137.5
117.5
122.5
137
146.5
194
206.5
226
199.5
270.5
286.5
276.5
239.5
218
199
211
237.5
475
508
571.5
601.5
293
215
220
154
155.5
151.5
157.5
161.5
165
170.5
206.5
335.5
381.5
116
258
325.5
187.5
169.5
214
264.5
352
335
338.5
375
317
253
176
140
139
135.5
131.5
134.5
186.5
488
576.5
613.5
620
496.5
463.5
448.5
514.5
528.5
563
673
718.5
724.5
773.5
747.5
540.5
479.5
389.5
359.5
226
205.5
204.5
209
286
311
346
670.5
601
614
560
324
293.5
308.5
415
596
822.5
812
779.5
752.5
518.5
451
379
226.5
217.5
217
220.5
231
279.5
305
478.5
512.5
636
761.5
682.5
608
542
503.5
580
575
590.5
642.5
744.5
686
505
454
411
258
280
293.5
333
361
355
442
547
674
716.5
720
554.5
521.5
446
442
483.5
529
541.5
592.5
604
564
485.5
329.5
273.5
249.5
245.5
245.5
244.5
246.5
264
281
319
348
354.5
356
327
330.5
324.5
356
360
361.5
419.5
649.5
786.5
815.5
774.5
633.5
442.5
365.5
362.5
359.5
338.5
328.5
371
584.5
732.5
818.5
819.5
714
608.5
581.5
491.5
487
497
481
396
391
418
415
390
366.5
343
362.5
344
329.5
317.5
312
350.5
378
742.5
794
791
640.5
642
639
544
472
458
460.5
518
480.5
492.5
514.5
517
521
529
495
508
484.5
484
488
488
501
531
558.5
541
584.5
615
677.5
751.5
742.5
622.5
635
633.5
694.5
602.5
612.5
617.5
618
619
607.5
582.5
563
567.5
574.5
574.5
613
752.5
742.5
762.5
738.5
731.5
725.5
616.5
629.5
631.5
691
874.5
872.5
855.5
840.5
751
643
633.5
508
556
486
530.5
452
466
492.5
541
603
684.5
604
608.5
546.5
494.5
458.5
560.5
468.5
590.5
708
824.5
760
554
433
363.5
362
365
366
355.5
355
355
353.5
365
383
440.5
730.5
874.5
749.5
665
705.5
652
692
879
931
932
853
551.5
524
512.5
485.5
365.5
343
341
342.5
374
387.5
402.5
620.5
831.5
839
814
785.5
549.5
458.5
348
399.5
622.5
494
695
910
678.5
391
356.5
319
300
299
298
299
331
552.5
890
898.5
767.5
368.5
312
323.5
327
340
553.5
808
928
961.5
968.5
964
629
588
421
375
374.5
400
389.5
687.5
838.5
888
856.5
678
459
425.5
438
372.5
374
374
379.5
413
428.5
443.5
468.5
471.5
436.5
420
410.5
380
353
366
363.5
359.5
390.5
405
417.5
442.5
462
432
438
433.5
421.5
426.5
421.5
649
801
846.5
856.5
838
743.5
469.5
426
410.5
404
375.5
343
358
411
419
470
473.5
425.5
458
478.5
570
616
643.5
705
728.5
836
944.5
944.5
817.5
695.5
706.5
633
611.5
576
587
598
627
631
900.5
920.5
945.5
909
737
417.5
456.5
566
567.5
589
646.5
650
667
778
713.5
610.5
587
577.5
556.5
473.5
447.5
491.5
455
490
500.5
501.5
515
535
531
456.5
396
389
382
400
443
460
445.5
458.5
452.5
418.5
404.5
386
354.5
338
328
327.5
323.5
324
357
384.5
386.5
399
418
399
397
386
389.5
390
395
438
458.5
471
468.5
429.5
395.5
364.5
341.5
338
405.5
410.5
354.5
393
612.5
827
805
767
632.5
499
440.5
434
494.5
542
881.5
848
627.5
540.5
440.5
421.5
395.5
374
321
313
315
314
313
338
352.5
399.5
399
401.5
402.5
383
377.5
370.5
380.5
423.5
431
469
474.5
618.5
688.5
526
525
499.5
451.5
389.5
388.5
368
368.5
442
677.5
901.5
899
885
669
637
605
452.5
387.5
364
449
516.5
648.5
702
697.5
518
495.5
445.5
433.5
395.5
376
376
376.5
453
704
763
728.5
487.5
443
413.5
417
427
422
438
480
530.5
765
833.5
824.5
697
664.5
631
611.5
520.5
520
522
522
571
784.5
835
834.5
903
791
669.5
647
600.5
605
766.5
948
956
962.5
953.5
928
862
766.5
646.5
643
626.5
626
625.5
629.5
677.5
835
851
904
937
946
876
802
837.5
772.5
759.5
846.5
914.5
911
898.5
895
818.5
717.5
730
701.5
702
702.5
654
605.5
619.5
772.5
725.5
546.5
505
503.5
494
483
446.5
425
430
507.5
538
556
539
540
512
508
502.5
508.5
511
493
474
483.5
467
468.5
523.5
545.5
558.5
564
563.5
562.5
552
558.5
558
569.5
601.5
596.5
636.5
623
632
624
603
601.5
608
606
605.5
610
655.5
661.5
667.5
669.5
677.5
708
739.5
754
757
743
740.5
744
764
764
761
785
721.5
702
699
679.5
669.5
677.5
677.5
674
671.5
680
844.5
897
913
949.5
947.5
936.5
945
922
911.5
929.5
972
977
986.5
986.5
923.5
844
804.5
778.5
766
758
716
710.5
708.5
730
745
759.5
829
886.5
867.5
915.5
877.5
782
805
892
885.5
931.5
969.5
973.5
973
973
951
928.5
919.5
766.5
653
653.5
655.5
683
734.5
715.5
615
579
602.5
600.5
609.5
609.5
606
628.5
751
632
632.5
616.5
606.5
605.5
602.5
601
613
697.5
785.5
805.5
967.5
955.5
946
940
932
937.5
930.5
935
756.5
750.5
693.5
713.5
724
926
874.5
753.5
732
717
677.5
675
635.5
632.5
633.5
636.5
684.5
891.5
765.5
961.5
959
960
958.5
945
901
802
803
891
999
1002.5
977.5
928.5
898.5
880.5
767
600.5
596.5
601
613
636
692
914
1041
1022.5
1006.5
922.5
806
646
602.5
583
641.5
867
979.5
1015
1009.5
910.5
630.5
616
618.5
577.5
591
580
565
573.5
647
654
799
794
709.5
602.5
528.5
508
502.5
502
505.5
806
875
960
959
755.5
651.5
652.5
621.5
555.5
542.5
521.5
517.5
518
529.5
598
953
900.5
751
667.5
611
553.5
553
559
575.5
920.5
1015
1018.5
998
808
606
537
516.5
516
514.5
510.5
497
505
549
728
745.5
700
668
220
360.5
601
487
491
543
601
767
959.5
830
672
558
508.5
501.5
494.5
461
459.5
457.5
458.5
541
634.5
686
666
602
531.5
458.5
451
434.5
457.5
505
693
895
898
911
767
526.5
504.5
504
461.5
440
440
440
260.5
396.5
533
540
757
806.5
721
637
523.5
456
465.5
501.5
517.5
804.5
803.5
804
665
565
536.5
544
542
524
522.5
523.5
528
554.5
565
533
849.5
809.5
793
775
512
483.5
477.5
475
495
547
694.5
778.5
640
574.5
481
470
450.5
427
407
407.5
413.5
581.5
642.5
805.5
834.5
806.5
447.5
482
420
432
430.5
480.5
608.5
724.5
741.5
788.5
532
467
427
390.5
378
377.5
373.5
371.5
371
399
458
447
455
443.5
340
313.5
357.5
379.5
401.5
437
515.5
571.5
623.5
574
521
476.5
450.5
455
445
445.5
443.5
440.5
434.5
437
590.5
726
724.5
637
398
394
395
395
395
386
449
623
732
708.5
527.5
541
433
433
427
423
394
402.5
418.5
441.5
498.5
725
759.5
732.5
608
416.5
413.5
563.5
588.5
550.5
635
799
803
765.5
482.5
454.5
395
375
376.5
358
337.5
337
350.5
386.5
703.5
786
720.5
627.5
538
455
463
479.5
465
457
475.5
743
858
744
667
491.5
445.5
391
386
364.5
334
332.5
349.5
351
424.5
399
511.5
704
721.5
537
360.5
346
419
361.5
411.5
475
791.5
677
423.5
367.5
364.5
368.5
375
307
294.5
295
296
311
317.5
354
389.5
407
382.5
364.5
331
298
298
301.5
337
508
814
830
542.5
377.5
335
331.5
294
292
281
272
271.5
281.5
292.5
327
451
476
474
379
353
301.5
325.5
319
245.5
665.5
805
783
422
316.5
301
446
400
388
368
367
378.5
386
383.5
415.5
633
724.5
632
467.5
417
281
290
290.5
372.5
654
800.5
824
687.5
472
290.5
292
291.5
297
287.5
234.5
234
248
273
427.5
453.5
476.5
441
401
258
212
225
239.5
312
623.5
624.5
573
541
467.5
291
294
288.5
265.5
262.5
243
243.5
247
403.5
439.5
470.5
501.5
479.5
330.5
423.5
426
393
348.5
413
589.5
597
596.5
583.5
502
442
379
376
331.5
329
310.5
310
296.5
389.5
441
481
486
481
486.5
380
351.5
373
426
481
593
650.5
580
522
477.5
419.5
386.5
367
357
353
367
369.5
345
403.5
441
463
472
453
479
476
468.5
461.5
462.5
474
485
493.5
564
573.5
570.5
546
488.5
478
456.5
453
447.5
447
467
483.5
493.5
503
541
545
604.5
618
619
602.5
577
594.5
754
891
745.5
721.5
688.5
555.5
514.5
489
453
452
425
417.5
417.5
455
515.5
635
626.5
593.5
581
583.5
705.5
668
711.5
782
805.5
917.5
857
721
625
588
524.5
493.5
463.5
432.5
431.5
420
420
529
612.5
731.5
779.5
747.5
612
614
558.5
508
516
589.5
663.5
816.5
847.5
663
649.5
549
468.5
453
448.5
455.5
445
444
455
463.5
511.5
648
599
641.5
548.5
535.5
636.5
708.5
707
688.5
752.5
783
789
797
784.5
608.5
566.5
583
572.5
545
539
538
542.5
592.5
670.5
815.5
830
746.5
661
641.5
605
554.5
605.5
751.5
871
886.5
818
740
709.5
619
542.5
490
447
429
411.5
407
386.5
422.5
408
442
491.5
490
509
499.5
500.5
510.5
523.5
536
634.5
731
704.5
716.5
665.5
576
587.5
563
530
474
436
429.5
457
472
562
634.5
796
804
822.5
687.5
583.5
579.5
584.5
692
885.5
924.5
926.5
881
730.5
634.5
625
612
628.5
562
490.5
481
483.5
536
559.5
564
695
840.5
813.5
776.5
659
566
617
675.5
901.5
995.5
995
996
908
672
562
526.5
501.5
456.5
427
426.5
439
545.5
636.5
694.5
651.5
667.5
491.5
510.5
602.5
605.5
607
568
749
858
862
854
672
610.5
437.5
397
353
337
350
341.5
313.5
374.5
457.5
717.5
783
759
719
564
519
531
483
522
695.5
892
895
826
722.5
582.5
485.5
394.5
383.5
388.5
372
388
371
400.5
695.5
785.5
794.5
759.5
684.5
657.5
680
555
543.5
667.5
862
864.5
840.5
754.5
592.5
422.5
425
408
391
369
357.5
357.5
363.5
426.5
692.5
840
848.5
844
643.5
352
355.5
363.5
318.5
528.5
752.5
738
652.5
681
674.5
492
486.5
463.5
456.5
413.5
379.5
330.5
337.5
403
681
779
694
665.5
650
458.5
440
670
776
601.5
921
940.5
914
872.5
509.5
485
438
421
389
384
350
346
349.5
369
653
704
761
855
741.5
512
442.5
418.5
426
526.5
801.5
888
920
660
484
435.5
423
414.5
406
408
360.5
359.5
354.5
381.5
381.5
385.5
422.5
660.5
695.5
563
447.5
406
406.5
411.5
844.5
880.5
875
625
451.5
395.5
373.5
362.5
328
327
324.5
302
323.5
398
540
597
733.5
728.5
450
401
384
384
383.5
398.5
785
878
806.5
702.5
414
392.5
386.5
382
356
335.5
336
345.5
362
371.5
512.5
606
585
457.5
383
371
372.5
372.5
379
406
763
688
700.5
702.5
430.5
361
322
297.5
288
287
287
287
282.5
280.5
401
406.5
380.5
405
346
321.5
322
336
346
492
656
587
768.5
742
498.5
347.5
306.5
302.5
281
270.5
269
270
282
348
439
667.5
766.5
714.5
627
653.5
630
653.5
668.5
673
622
757.5
742
740.5
616
495.5
378
371
345
334.5
319
318
334
383.5
399.5
492
556
623
587.5
595
514
518
546
685.5
806.5
804
732
624
480.5
405
378
361
312.5
304.5
302.5
301
300
335
374.5
439
490.5
504
395
387.5
377
343
363
450
684.5
693
661
599.5
402
347.5
342
313
304.5
301
300
301
320.5
333
333
397.5
579
588.5
580.5
471.5
399
338
351
429
787.5
781
732.5
699
406
354
353
347.5
325
317.5
315.5
314
314
311.5
310
339
465
583.5
582.5
385.5
394.5
341.5
349
409
908.5
900.5
907
645
420
358
366
367
365
331.5
330.5
326
325
346.5
366
416.5
415.5
396
375
330
310.5
322.5
354.5
419.5
784.5
810.5
817
590
377
341
333.5
339.5
322.5
323
322
312.5
314.5
316
386
439
484.5
494.5
405.5
418
407
441.5
447.5
514.5
671
652.5
541.5
509.5
338
327
341.5
347.5
363.5
359
357.5
357.5
359.5
359.5
473.5
634.5
778.5
773.5
551
482.5
483
390
458.5
478.5
809.5
717.5
666
517.5
532
474
413
410
411.5
407
410
419.5
424
415.5
417.5
482
490
512
503
523
533
525
476.5
515
694.5
693
688.5
664.5
667
583
549.5
537
638.5
493.5
486
493.5
496.5
693.5
869.5
868.5
928
934
901.5
744
721
717.5
724
700
890.5
996
995
898
766
741.5
711
644.5
647.5
528.5
525.5
493.5
516.5
724
723.5
755
809.5
851
879.5
843
782
690.5
687.5
727.5
880
1034.5
1036.5
884
694
612
569
506.5
442.5
414.5
379.5
371
387.5
497
520
595.5
684.5
840
925
709
647
540
541
584
958.5
1001
1001
974
844.5
650.5
588.5
539.5
487.5
479
454.5
449
431
455
569.5
679
710.5
672.5
598.5
511.5
433
444.5
495
698
913
943.5
800
726.5
639.5
583
440.5
437
423
385
374.5
371
389.5
432.5
498.5
682
748
745.5
577
536
508.5
613.5
615
655.5
969.5
969.5
912.5
731
544.5
472
454
404
393
390
387.5
386.5
395
425
554
595
603.5
559
465.5
435
424
416.5
452
603.5
711.5
991.5
767
695
519.5
479.5
444.5
428.5
405
364
358.5
357.5
383
442.5
494
514.5
531.5
541
533.5
528
527.5
500
480.5
503.5
505.5
496.5
469
465
461.5
459
478.5
489.5
428
390.5
381.5
405.5
413.5
439
452
457
455.5
466
468.5
654
808
902
855
718.5
981.5
992
984
883.5
878
841.5
730.5
707.5
590.5
571
505
485
479.5
506
504.5
556
737
934.5
937.5
842.5
849.5
849.5
735.5
768.5
988
998
938.5
868
791.5
762.5
596
606
625.5
599.5
500
498.5
500
532
577
719
795
791.5
774
743
603.5
559
599
926
1029.5
1019
920.5
841
633
618
567.5
554
499
456
436.5
429.5
440
491
537
749.5
904
857.5
432.5
0
419
509
530
579.5
873
937
850
761
577.5
510.5
391
359.5
376.5
357.5
325
323.5
325
363.5
479
696.5
778.5
836.5
748.5
497
491.5
471.5
481
598.5
771
737.5
662
632
446
423.5
385.5
326.5
312
287.5
303.5
293.5
310.5
355.5
543.5
657.5
694
669
598
541.5
504.5
463
555
600
653
653
708
630.5
452
413.5
364
335
314.5
327
330.5
329.5
329.5
342.5
454
571
737.5
677.5
646.5
596
573.5
477.5
482.5
533
636.5
697.5
611.5
536.5
467
404.5
331.5
322.5
315
312
293
292.5
302.5
317.5
366
491
474
511.5
546.5
480.5
498.5
562.5
500
562.5
695
844
803
780.5
646
602
479.5
436
404.5
400.5
368.5
379.5
382.5
404
426
463
503.5
632.5
653.5
641
726
617.5
612
646
799.5
838
786.5
765.5
669.5
519
450.5
431
425.5
416
398.5
393.5
387
423
472
563.5
654.5
651
676
669
653.5
625
623.5
605
808.5
753.5
751.5
618
517.5
509.5
529.5
500.5
433.5
401.5
366.5
361
384.5
407
415.5
521
675.5
642.5
534
473.5
498
528.5
541
566.5
767
847.5
852
832
791
720
617
530.5
526.5
493.5
469
431.5
429
517
692
760.5
848.5
769
747
664.5
648
548
583
629.5
1000
1025
1020.5
939.5
684.5
573
550
539
507.5
506
502.5
500
506
517
599.5
665
773.5
775
648
591.5
554
582
616.5
735.5
995.5
997.5
947
789.5
784
615
557
515.5
503
490.5
484
478
475
507
554
616
945
955
755.5
758
592
581.5
603
704.5
927
1036.5
892
723
602.5
573.5
547.5
512
462
454.5
447
444.5
441.5
453.5
604
549.5
584.5
689.5
699
659.5
642
595.5
595
643
816.5
1008
1006.5
806.5
730
584.5
538.5
529
494.5
484.5
471.5
450.5
419.5
486.5
428.5
431
451.5
814.5
663.5
657
686.5
687.5
689.5
715.5
918
957
896
892
699.5
565
441
419
372.5
368
362.5
360
367.5
392
438
511
649
800
816.5
786
732.5
539
538.5
655.5
919
963
948.5
835.5
560.5
433.5
412.5
371.5
361
347
343
341.5
349
355.5
377.5
467
574.5
779
768.5
843.5
900
867
843
580.5
765.5
656
627
608
486
399
349.5
334.5
313.5
309
302.5
300
301
315.5
351
393.5
539.5
607.5
649.5
568.5
446.5
411.5
437.5
671.5
781
813
800
587
454
421.5
390.5
343.5
333.5
333.5
359
357
352
366
423
450
602.5
643
696
497.5
492
483.5
484.5
549
871
967
956.5
646
475
442
406.5
362
349
325
322.5
323
337.5
345.5
391.5
429.5
480.5
619
625
503.5
526
537.5
552.5
616
915.5
988.5
980
817
590.5
483.5
448.5
394
380
363
364
398
410.5
428
441.5
461.5
487.5
511
577.5
625.5
587
552
571.5
616.5
913.5
996.5
1020
979
701
580.5
552
484
506
437
420
420
438.5
438.5
451
524.5
562
568.5
573
586
600.5
616.5
617
612
750
800.5
793.5
653.5
605
558.5
528
475.5
450
443.5
407.5
408.5
407
406.5
400.5
412
415.5
461
518
537.5
466.5
579
571.5
492.5
507
593
476
443.5
422.5
415
405.5
427