4977.424
4924.0425
4730.717
4709.0545
4589.58
4433.6895
4017.4925
3686.145
3302.9205
3192.8695
3136.104
3120.871
3120.131
2920.323
3174.4215
3504.5085
3992.818
4187.7715
4456.8375
4537.308
4823.902
4672.1255
4396.9305
4212.8705
4001.725
3393.1225
2821.5175
2275.545
2005.0075
2042.5435
2141.7145
2622.0025
3133.241
3686.603
4337.5745
4602.8115
5216.544
5106.058
5154.971
5028.35
4096.589
3851.585
3582.252
3871.445
4205.412
4643.9765
4836.8395
4859.3655
4928.4405
5261.8675
5433.1105
5368.1055
5271.2195
5068.19
4990.4135
4893.146
4967.1555
5165.348
5230.3185
5451.6735
5259.026
5352.649
5357.5225
4964.319
4921.5295
4557.0145
4482.998
4548.7205
4588.7925
4510.1595
4195.781
3708.256
3015.5425
2589.761
2003.5225
1661.785
1575.6295
1597.093
1853.566
2001.1025
1949.2715
1809.356
2281.8965
2722.546
2832.6265
2874.268
2869.479
2855.877
2966.831
3051.7035
2949.7115
2794.498
2539.454
2199.503
1690.518
1480.723
1364.2675
1369.6705
1237.325
1214.1525
1267.5685
1278.3085
1286.37
1329.6985
1295.5155
1325.113
1339.413
1314.052
1386.146
1449.6945
1525.302
1667.537
1735.971
1916.3725
2230.1285
2681.2195
2966.148
3252.421
3688.0475
3850.0885
4111.168
4191.2965
4226.2585
4834.7435
5184.5
5224.2505
5199.0745
5228.3405
5061.70125
5139.29
4853.63
4380.0185
4234.437
4105.3015
3857.786
3741.9375
3454.7195
3082.6195
3149.1545
2992.658
2846.184
2549.637
2280.16
2120.742
2056.4685
1980.4325
1876.732
1476.4615
1735.2
1747.2635
1840.6305
1860.1
1792.687
1764.142
1802.234
1789.717
1891.7845
1922.2045
1960.635
1926.7215
1952.1875
1977.7275
2142.2155
2247.7165
2458.6325
2673.0845
2835.0575
2918.321
2791.0515
3041.6375
3349.8215
3335.1085
3532.7095
3543.072
3512.37
3863.271
3893.9795
4007.134
3808.492
3840.586
3892.619
3883.8005
4039.72
3155.0445
4857.7945
4778.8625
5117.892
5260.0825
5226.139
5252.8785
5042.914
4803.4595
4778.8115
4762.8195
4611.6695
4308.0785
3996.7255
3884.38
3854.073
4032.645
4016.6575
2846.149
4322.682
4346.609
4396.1885
4520.352
4630.4275
4661.797
4684.48
4748.606
4492.5765
4397.6065
4142.9645
3986.396
3867.4675
3590.7985
3431.7515
3144.716
2703.567
2476.0325
1987.072
1672.3155
1488.35
1225.795
1008.103
882.729
746.1045
670.2855
652.15
648.543
638.369
619.593
635.979
666.043
709.9875
749.0395
744.08
791.984
776.857
783.697
816.2255
854.491
897.319
899.4515
852.236
858.0455
839.0785
761.7465
694.688
647.2555
643.0745
608.959
509.749
465.375
419.318
392.6165
408.017
552.965
611.4355
594.95725
609.441
714.0655
966.3945
1237.4535
1410.302
1477.048
1661.8395
1787.276
2103.7525
2301.0545
2596.213
2966.977
3303.65
3782.3105
4022.1715
4244.9525
4433.4425
4589.067
4619.714
4630.27575
4748.3125
4983.8355
5393.7805
5462.172
5438.521
5339.2225
5536.688
5487.9875
5517.94
5569.9745
5542.8615
5355.3435
5119.668
5102.1315
5142.3875
5309.877
5535.5395
5397.305
5605.9005
5499.6835
5324.636
5490.2545
5192.7725
5092.7505
5023.5735
4802.7425
4876.495
4832.1605
4757.221
4690.0905
4580.4655
4356.6615
4327.982
4228.9105
4143.706
2806.211
4103.244
4234.9255
4226.5375
4295.989
4772.905
4991.061
5222.4955
5508.694
5641.276
5780.698
5639.9185
5379.565
3793.286
6112.2315
6348.002
6511.703
6375.9865
6009.3075
5638.2185
5249.304
4856.75
4783.947
5146.258
5422.8935
5199.6665
4645.068
4129.796
3906.399
3968.643
3859.6865
3878.877
4180.9325
4683.977
5143.5285
5571.9475
5379.715
5256.328
4927.851
4985.242
5143.293
5052.723
3766.5965
5179.222
5339.8775
5340.2495
5280.417
5470.2595
5528.634
5473.7835
5450.429
5501.9835
5753.559
5684.5355
6021.5465
6139.7395
6179.4255
6325.936
4725.058
4595.632
6081.2665
5900.911
5581.445
5568.873
5467.468
5339.4755
5193.0445
5237.254
5212.639
5262.836
5563.9805
4248.484
6373.807
6671.0275
6582.0205
6779.13
6637.242
4822.295
6964.264
6816.524
6677.3915
7041.9215
5070.6715
7014.662
6294.729
5988.3825
5421.992
5043.871
4293.772
3672.8475
3124.432
3007.3875
2762.449
2861.531
2999.6205
3160.02
3551.728
3817.961
3871.57
3684.602
2808.415
3533.0205
3564.9085
3494.491
3701.8135
3823.452
3605.643
3613.6745
3441.0765
3422.4355
3411.574
3424.722
3452.953
3356.0705
3522.1615
3586.4805
3519.0215
3610.031
3692.8085
3625.387
3923.0705
3943.1955
4088.747
4186.8825
4233.217
4214.429
4250.2005
4446.177
4519.2365
4518.0715
4403.727
4372.2175
4337.918
3928.7735
3795.7485
3665.4775
3789.73
3610.473
3671.0085
3545.367
3716.7715
3716.8615
3312.761
2896.349
2531.3005
2069.113
1698.16
1478.4905
1297.842
1125.975
1006.0705
1050.6855
1079.549
1131.205
1229.0155
1435.663
1572.815
1701.918
1722.627
1649.104
1592.8925
1454.982
1245.801
1199.656
1071.476
942.9225
854.603
789.485
677.625
783.731
945.12
1505.16225
2107.712
2586.3765
3117.1655
3692.945
4281.371
4553.6265
4684.9265
4952.2175
5112.0675
4719.0405
4351.254
4359.44
4720.7105
4980.0985
4911.3555
4726.9525
4799.0605
4899.306
4543.936
4523.5335
4348.104
4327.3955
4331.669
4286.117
4468.1305
4684.583
4588.838
4725.511
5337.737
5451.094
5811.536
5654.8305
5375.7775
4845.061
4356.259
4054.9715
3913.911
3856
3809.5635
4217.2885
4377.1275
5051.722
5186.8495
5255.3255
5238.724
5170.3975
5145.988
5461.297
5732.939
5906.892
6033.9715
6435.2445
6740.7435
6871.719
6896.914
6663.203
6709.6085
6439.9735
6532.439
6659.399
6264.315
5872.314
5765.566
5627.846
5610.144
5326.79
5224.9075
5251.9915
5879.175
5781.1675
6049.8405
6223.6285
7107.107
7267.422
7502.4895
7334.9255
7074.439
7046.8055
7433.3295
7574.7325
7325.885
6976.1985
6680.223
6191.9665
6199.017
5979.012
5940.3875
5878.491
5759.41
5790.25
5745.3355
5440.2825
5180.3945
5038.104
4869.804
4579.501
4456.7705
4143.768
3907.138
3722.0255
3754.9375
3273.339
2771.116
2201.626
2076.926
1831.928
1710.431
1681.9775
1638.2685
1588.7425
1697.888
1730.9085
1797.758
1793.518
1838.664
1663.7395
1514.639
1565.335
1358.7395
1273.388
1083.9975
924.113
785.5985
622.178
561.3855
530.4515
580.1175
732.59
941.1865
1052.7175
1201.5135
1445.059
1781.811
2288.3415
2910.489
3483.0485
4065.0575
4201.624
4433.2285
4644.485
4725.8525
4803.41
5040.2355
5288.297
5464.091
5569.236
5767.7705
6064.265
6450.7715
6816.8385
6671.1175
6460.368
6287.6085
6353.7725
6603.7045
6871.36
6693.488
6430.9465
6174.2255
5714.353
5302.6455
5114.93
5018.421
4876.4205
4867.198
5079.6035
4998.554
5187.028
5535.25
5537.7175
5686.935
6016.4265
6243.2595
6397.6205
6492.1355
6447.2625
6317.62
6227.0885
6333.9155
6404.586
6456.8615
6517.833
6223.436
5854.667
5681.286
5706.0925
5640.168
5682.5675
5808.0145
5576.398
5461.5415
5510.107
5436.4605
5241.017
3399.844
5114.05
5456.758
5771.686
5746.4755
5504.181
5209.7135
4658.3505
4338.3447
4026.0523
3846.1635
3687.255
3474.413
3270.174
3202.73
3125.7885
3092.9635
3145.0585
3127.049
3023.0005
3218.032
3505.042
3615.5685
3556.6605
3632.438
3881.6735
4123.3175
4320.7775
4346.28
4402.7945
4353.6755
4535.113
4938.1025
5113.5865
5475.518
5236.4255
5055.7955
5167.2305
5270.8105
5156.0215
5201.809
5434.317
5595.461
5741.554
5630.443
5604.012
5720.907
5749.713
5762.094
5899.3045
6124.503
6420.8325
6429.7995
6255.7905
5812.923
5410.187
5153.476
4965.9575
4760.136
4662.477
4931.5955
5305.454
5599.506
5758.462
5824.613
5735.945
5686.7405
5680.366
5759.2195
5820.319
6031.8175
6100.0685
6152.152
6437.9545
6665.3325
6785.4295
6678.6675
6532.2585
6501.0855
6336.68
6260.152
6138.344
6257.2015
6213.53
6108.0625
6001.538
5873.687
5724.3765
5476.163
5203.3075
4952.222
4576.466
4321.2865
4117.2535
3437.6315
2923.5945
2623.453
2236.8835
1947.2645
1729.2435
1577.5425
1363.6635
1136.15
957.8705
861.0915
796.497
708.3965
717.914
762.34
795.658
835.6075
864.925
906.4515
991.444
835.9045
814.6285
740.6775
686.6525
786.472
956.6415
1113.5635
1467.5445
1608.0945
1763.871
1877.806
2029.2375
2038.2465
1957.152
1968.104
1924.8535
1828.699
1822.9665
1718.5415
1658.104
1536.594
1530.142
1443.026
1486.378
1349.263
1203.2175
1127.4245
1125.6105
1120.0535
1167.574
1148.1275
1140.3255
1226.6095
1279.261
1224.5435
1263.027
1205.919
1081.293
1011.182
1036.7945
1042.1425
1038.283
1092.254
1087.624
1146.5205
1259.769
1380.6985
1385.9555
1392.2035
1382.492
1419.6705
1454.214
1536.338
1658.7635
1629.025
1661.79175
1722.7465
1790.2755
1795.8835
1785.146
1748.774
1682.155
1728.241
1707.622
1693.706
1711.6405
1712.3145
1723.16675
1626.8835
1496.161
1546.561
1551.2045
1543.134
1817.383
2005.1785
2199.7725
2465.956
2684.274
2673.323
2753.6815
2847.181
3515.56
3622.117
3695.247
3660.503
3424.188
3329.6685
3088.469
3032.851
3151.8655
3092.063
3026.235
2941.942
2846.3235
2730.9945
2576.607
2433.72
2092.4465
1876.223
1680.896
1547.256
1390.863
1298.582
1199.209
1203.434
1398.5655
1796.2475
1631.942
2659.0475
3005.883
3394.037
3708.3685
4028.451
4130.441
4004.67
3800.4845
3609.0565
3196.548
2986.2115
2845.9555
2746.556
2413.409
2283.7335
2058.8215
2084.7125
2170.246
2101.197
2033.996
2267.942
2501.2425
2818.869
2903.919
2705.812
2650.79
2721.469
2957.822
3252.17
3428.5355
3532.16
3428.31
3491.4395
3367.626
3099.5035
3075.3905
3347.509
3517.677
3948.132
4317.2225
4439.469
4453.5095
4377.513
4274.8215
4274.7625
4404.883
4408.039
4147.7415
3919.6565
3492.0505
3030.3615
2855.4565
2685.2535
2670.083
2612.6415
2681.9555
2901.052
3391.91
4246.8465
4765.778
4706.0355
4575.5645
4372.4375
4708.495
4718.9145
5394.0065
5543.4445
5136.904
4879.465
4925.5005
4563.7775
4114.747
3479.7205
2946.6445
2466.8105
2138.1985
2344.106
2229.7765
2552.8925
3010.08
3930.8645
4289.7125
4731.0035
4864.1085
4933.4625
4894.295
4884.7505
4790.8435
4644.7455
4809.0765
4921.9725
5223.382
5577.687
5681.839
6043.16
4652.151
4567.016
5801.8825
5326.057
5085.658
5005.9085
4802.97
4712.2355
4638.04
4568.4205
4567.1275
4431.7025
4299.9825
4141.525
4249.1225
4185.729
4214.644
4070.751
4020.028
4027.401
4019.5645
3997.483
4112.343
4135.9775
3847.3415
3445.2935
3240.211
3366.9275
3976.9915
4476.0645
5050.8275
5364.1995
5471.51
5628.4515
5553.17
5509.6085
5580.967
5659
5640.8585
5814.3265
5719.9025
5215.426
4509.296
3956.8805
4088.214
4097.7525
4082.4235
3690.5145
3486.299
3221.8745
3018.842
2794.851
2641.572
2611.866
2667.313
2723.5185
2953.252
2915.79
3105.106
3548.731
4113.7065
4680.977
5055.254
5156.698
5530.666
5992.36
5936.8495
5750.065
6133.2115
6376.756
6540.3675
6782.9795
6805.8
6837.182
6406.368
5545.6875
4975.3955
4813.942
4813.091
4740.7475
4841.136
5154.322
5008.708
4715.485
4672.8925
5285.728
5158.9335
5029.7485
5273.791
5647.0825
5786.074
5984.9525
6516.682
6880.5675
7186.8255
7245.4055
7040.1455
6866.4855
6438.472
6102.34
5562.851
5845.661
5619.4215
5511.4915
5360.8135
5389.585
5210.184
5049.279
5032.088
4609.2865
4282.3315
4053.286
3986.2945
3740.8515
3521.122
3240.1295
3023.881
3002.574
3221.46
3248.4445
3368.2375
3346.413
3400.734
3620.8905
4036.578
4252.408
4692.694
4603.56
4679.2235
4273.54
3946.6935
3748.8385
3508.3005
3041.809
2770.486
2346.131
2109.312
2069.427
2050.088
1998.5925
2027.2545
2124.4575
2246.995
2209.234
2024.7435
1831.1045
1572.675
1358.2325
1314.4275
1131.9155
1057.352
1003.024
964.925
912.934
860.1135
902.2195
859.96
885.9835
845.013
851.151
837.7255
910.8965
1004.5995
1059.8535
1101.629
1160.8675
1261.8785
1224.4205
1251.099
1377.596
1564.581
1626.9435
1683.487
1674.318
1664.4285
1558.3475
1471.253
1545.504
1457.7985
1448.0665
1452.435
1477.511
1460.1885
1536.5825
1612.768
1581.9375
1490.0695
1430.1805
1521.083
1495.391
1589.499
1665.5385
1562.8315
1328.469
1149.9785
983.1915
894.591
978.333
1124.858
1570.0015
2041.412
2599.0905
3208.135
3331.5005
3303.727
3441.553
3481.3395
3493.3045
3620.3745
3766.668
3828.522
3638.582
3527.0905
3661.3905
3648.208
3772.1575
3522.08
3188.2535
2752.6235
2548.8185
2292.151
2010.875
1711.329
1522.587
1329.6985
1184.549
1081.893
1013.8055
796.545
768.09
749.721
723.9235
675.9515
604.515
548.792
526.905
513.734
520.682
539.5655
545.9525
561.572
594.2765
616.3155
617.7345
682.342
784.9755
966.272
1121.564
1294.4325
1354.483
1461.0135
1460.1295
1524.3005
1597.184
1650.272
1764.212
1885.727
2044.1635
2152.854
2393.543
2515.0895
2674.5815
2960.9375
3137.2605
2986.8705
2837.805
2616.2845
2378.6665
2391.6655
2393.059
2462.14
2554.895
2764.6855
2821.8605
2735.485
2739.774
2761.9005
2695.67
2550.2395
2374.09
2583.29
2944.514
3127.74
3296.4255
3628.969
4075.1085
4507.16
4525.2335
4720.9735
4726.5795
4653.6595
4723.258
4694.67
4675.378
4602.9245
4913.3655
5079.7585
5125.971
5077.8935
4962.155
4864.3075
4902.849
4827.69
4597.9855
4341.0505
4345.4305
4284.8585
4245.93
4567.5405
4749.9955
4550.033
4316.4915
4217.1635
4016.8835
3733.1385
3516.3925
3668.5085
4062.324
4173.37
4394.977
4435.172
4410.715
4242.579
4160.662
4064.384
2741.4995
3503.5105
3371.965
3292.9645
3177.331
3221.882
3213.826
3387.4075
3481.248
3449.897
3321.19
3256.199
3173.4215
3121.697
2989.8975
3116.0185
3369.126
3592.4695
3705.0465
3828.9945
3777.382
3687.763
3527.6205
3348.653
3070.085
2969.9105
2974.023
2950.992
3192.728
3367.6105
3481.8115
3422.732
3616.5
3590.718
3078.827
2699.524
2578.9565
2179.53
1874.7725
1843.8235
1863.0885
1819.229
1758.9625
1729.0115
1839.0035
1991.2755
2124.9965
2500.544
2651.668
2803.734
2737.64
2784.558
3044.9275
2996.632
2997.293
3295.0305
3600.239
3500.239
3314.276
2598.915
2560.8265
2608.065
3249.114
3206.5015
3196.841
3473.058
3540.5435
3652.3415
3988.4545
3887.2395
3928.4865
4039.275
4088.023
4274.523
4665.0345
5108.644
5341.662
5816.643
5989.503
6180.528
6036.629
6319.7225
6108.2125
5984.6545
5750.974
5534.256
5315.719
5210.57
5127.3245
5077.502
5279.737
5444.368
5533.0225
5567.2445
5799.767
5971.238
6111.8615
6067.095
6234.653
6357.622
6382.411
6530.36
6861.6155
7145.888
7400.4965
7475.855
7481.8165
7443.4075
7377.204
7295.501
7231.1445
7067.963
7019.8285
7075.1835
7052.9525
7022.9555
6933.5965
7011.3045
7023.0175
6998.1125
7055.511
6939.499
6830.401
6817.549
6791.3775
6884.634
6930.482
6945.075
7034.4025
6998.792
6989.9635
6875.426
6766.2075
6697.1065
6496.546
6378.532
6361.7845
6399.1775
6222.082
6156.2705
6120.8605
5908.1325
5506.8445
5342.9465
5239.777
5162.171
5035.452
5017.761
5114.339
5057.9785
4937.5785
4988.1505
4852.16825
4707.567
4521.009
4196.902
4111.9185
4115.9155
4118.7425
4140.957
4079.759
3976.5555
3773.8185
3792.247
3629.8715
3627.311
3585.1325
3473.627
2461.545
3300.4995
3376.9655
3388.958
3428.2595
3366.0175
3417.2175
3501.7655
3697.328
3607.2935
3431.016
3385.7755
3438.5165
3185.4755
3069.293
2752.968
2655.466
2591.986
2498.1435
2467.5685
2520.752
2449.3705
2346.714
2177.8985
2109.448
2127.622
2059.864
2081.179
2132.6855
2138.5385
2029.6365
2046.409
2104.1635
2129.147
2043.7365
2021.9945
2073.9955
2223.904
2462.9325
2794.099
3082.6075
3411.847
3509.737
3650.2515
3739.805
3751.276
3772.021
3783.3405
3932.045
3970.31
4057.318
4098.9475
3954.9445
3716.6205
3390.745
3081.632
2802.7735
2528.286
2140.267
1942.7045
1777.987
1653.741
1560.954
1526.2005
1505.236
1444.1135
1408.888
1299.8255
1327.091
1331.6515
1304.384
1306.008
1341.955
1331.14
1319.2275
1371.5195
1492.1015
1453.088
1603.288
1695.9615
1852.2055
2025.7575
2235.865
2316.026
2416.3005
2393.0395
2136.2445
2181.1465
2026.124
2135.935
2271.6975
2293.036
2233.8325
2111.572
2010.4355
1842.7805
1756.879
1763.793
1727.486
1712.442
1767.79
1768.757
1805.771
1943.129
2050.5585
2162.8295
2368.928
2393.896
2374.464
2276.9955
2176.3625
2079.588
2283.147
2488.388
2637.4915
2694.838
2653.9325
2499.729
2378.8895
2401.4455
2285.435
2214.729
2224.415
2226.9255
2256.8135
2074.994
2029.564
1933.7575
2056.8245
2018.4245
1892.098
1895.6845
1715.5455
1503.0745
1480.6945
1528.78
1686.834
1820.648
1950.708
2111.994
2311.4495
2453.209
2639.943
2804.0125
2992.742
3385.1005
3605.4275
3863.236
4073.6755
4221.2925
4272.1315
4377.3545
4464.3005
4356.698
4311.7525
4299.0095
4305.5705
4344.795
4234.908
4163.5905
3936.3215
3712.9235
3232.996
2805.5625
2447.3785
1918.9385
1589.5105
1201.126
892.8955
1021.031
1013.058
1075.014
1065.8355
1008.281
971.552
979.271
1018.7695
1071.061
1039.7585
1029.2385
1108.9355
1202.4995
1280.0015
1422.3035
1504.6785
1519.441
1340.8725
1344.0175
1269.7425
1209.3945
1121.392
1118.659
1168.651
1351.2205
1404.4845
1480.4595
1575.0005
1535.295
1397.5025
1419.0925
1533.313
1534.8115
1493.4795
1430.0375
1417.222
1347.348
1359.5735
1316.1005
1271.955
1220.3865
1239.2315
1259.5815
1296.5705
1340.957
1383.1325
1287.888
1219.5655
1207.261
1185.646
1190.369
1043.7715
833.8535
732.509
625.3365
577.056
484.107
568.9635
614.28
699.2115
785.387
846.524
923.895
1218.934
1516.78
1911.5315
2247.011
2522.585
2878.0905
3201.9175
3463.599
3788.229
3743.429
4109.142
4279.5665
4554.006
4988.685
5129.2655
5645.7765
6035.0925
6366.661
6609.1395
6827.7225
6814.818
6845.845
6678.318
6608.8465
6496.1775
6502.233
6350.5945
5893.793
5411.7505
5078.5215
5118.404
5088.6865
5142.6525
5025.961
4933.6475
4926.5185
5442.7985
6034.1125
6178.586
6143.014
6223.784
5975.4645
5826.835
5556.1125
5561.1825
5443.4
4165.364
6195.296
6266.496
6235.2055
6078.055
5912.473
5708.8
5145.128
5180.764
5325.8495
5369.925
5370.1655
5223.7495
5313.327
5771.5025
6229.1645
6289.7855
6269.854
6254.798
4272.8495
6183.324
6237.894
6339.252
6351.01
6356.973
6542.634
6978.9335
6981.268
6906.985
6826.604
6739.6105
6545.771
6991.578
6921.481
7143.333
7167.2695
7144.784
7348.0385
7274.766
7724.8785
8021.2475
8014.0305
8171.031
8265.7645
8277.119
8340.347
8245.3415
8013.9175
7582.0545
7063.6225
6784.9585
6653.0335
6776.264
6879.2935
6803.3585
6763.5305
6702.8985
6762.539
4688.5805
6520.0535
6547.1155
6528.193
6557.8945
6784.4255
6924.662
7269.8735
7512.785
7682.571
7726.3325
7670.077
7606.0665
7235.825
6834.673
6432.7465
6150.2865
5929.7115
5574.364
5306.3535
5127.786
5057.2415
4950.0295
4545.1175
4443.5185
4556.1755
4638.578
4548.777
4559.6745
4571.8335
5084.345
5274.0735
5139.5515
5022.2625
4899.557
4665.8975
4412.109
4351.8845
3755.5095
3380.3805
2333.884
3071.399
2760.092
2691.42
2479.1355
2488.217
2398.795
2389.5185
2255.9375
2178.1375
2229.7475
2267.508
2154.592
2037.104
2129.9705
2188.9115
1691.1325
2106.378
1975.9155
1833.5595
1713.939
1665.2195
1595.7485
1493.8995
1500.098
1457.7125
1456.341
1509.2425
1614.0445
1725.017
1879.8865
1980.7805
2189.8275
2537.8025
2793.0915
3090.908
2285.7365
3745.468
4178.4695
4559.833
4904.4345
5265.9445
5583.0515
5848.398
5686.7785
5648.8685
5504.371
5690.425
5809.102
5697.8865
5686.4195
5465.3895
5152.208
5200.229
5134.773
4695.883
4540.9145
4059.172
3661.627
3591.2765
3478.5585
3547.794
3978.4975
4544.13
4740.16
4992.574
5053.428
5144.833
5362.7605
5343.6145
5448.8545
5489.45
5466.9975
5697.489
5867.4675
5878.3625
5856.347
5497.2985
5504.7645
5640.508
5330.657
3943.0275
5281.651
5368.5485
5565.152
5660.912
6032.8495
6122.5505
6633.5025
6651.151
6566.4065
5858.1885
5166.5775
4310.446
3447.9895
2771.2955
1707.153
2136.3645
1964.772
1787.424
1642.4805
1597.755
1505.4635
1427.9055
1439.0595
1560.7175
1469.113
1368.103
1255.599
1190.601
1111.745
1299.7155
1358.221
1459.8015
1556.378
1749.4285
1894.386
1700.2475
1392.6285
1196.4075
1138.6775
1270.327
1261.6415
1278.0215
1311.528
1013.938
1389.7915
1489.093
1588.578
1655.2845
1649.0135
1630.979
1543.201
1512.9075
1640.4145
2028.3945
2107.7485
2258.2245
2423.7735
2446.87
2652.5375
2605.9965
2278.5505
1793.099
1584.2265
1543.342
1639.7425
1543.9235
1491.051
1452.564
1391.1475
1311.4375
1151.514
1108.6145
1059.523
1018.049
965.7995
857.2515
764.9055
745.839
722.928
778.4475
796.849
780.9335
858.802
987.245
1122.563
1273.659
1451.408
1927.1265
2491.8935
2988.2195
3294.3435
3478.4105
3906.8135
4453.4915
4450.8325
4570.3185
4476.75
4453.998
4291.4615
4062.2005
3883.39
4083.222
4265.1645
4872.428
5174.73
5289.9435
5377.4645
5277.3925
4928.9955
4374.7465
4206.071
3858.596
3611.3725
3096.74
2884.9325
2741.731
2554.396
2211.5895
2042.9005
1884.439
1162.625
1343.512
1166.278
1194.082
951.1445
1346.0475
1360.7995
1605.799
1836.083
2059.957
2219.8505
2270.8535
2100.523
1906.419
1691.8915
1463.5875
1517.77
1382.3255
1286.3995
1225.9125
1197.227
1135.219
1111.925
916.613
876.752
931.2955
1103.615
1156.0765
1202.5035
1362.7185
1653.189
2015.251
2299.7715
1784.084
2607.791
2956.701
3060.335
3439.8525
3573.434
3784.1215
4002.38
3881.015
3738.2855
3583.329
3520.347
3471.551
3327.4545
2263.1935
3156.8365
3160.687
2202.841
3171.722
3316.6245
3497.0865
3423.9525
3402.898
3354.5265
3262.3255
3314.297
3486.621
3636.209
3696.5035
2654.4835
3735.7685
3578.8945
3582.1175
3712.954
3626.7055
3782.81
4134.36
4322.1845
4527.555
4589.667
4560.202
4571.376
4585.4555
4500.8785
4477.0595
4608.618
4766.174
4680.2215
4432.253
4156.894
3907.5315
3534.8445
3184.161
2066.237
2501.6235
2354.892
2251.37
2042.2935
1429.6075
1689.5405
1479.3375
1083.65
1048.2035
1280.626
1275.194
1145.501
999.4
824.978
709.839
678.216
633.9055
672.7325
714.9115
770.0085
849.2465
956.7395
1109.101
1017.6355
1191.722
1034.2255
1666.3295
1781.1905
1973.627
2822.6315
2963.66
3134.2565
2489.514
1567.58
4430.329
3359.473
5300.7135
5652.439
4018.069
6315.315
6501.032
6708.62
6735.9695
6681.4755
6558.197
6470.3135
6292.958
4099.534
5920.6335
5767.771
5633.6335
5363.0935
5072.9615
4744.697
3108.0655
4084.206
1612.279
2659.884
3526.42
3443.471
3254.9755
3165.5105
2360.3495
3276.4995
3564.357
3646.2665
3412.936
3472.234
3457.962
3351.574
3121.966
2890.052
2773.6405
2587.954
2462.141
2327.9855
2403.1465
2485.4465
2548.103
2426.8275
1151.636
2431.02
2433.7475
2548.266
2726.512
2826.4385
3013.5725
3500.097
4240.762
4861.696
5500.3735
4038.3905
6133.4735
5904.4735
5996.147
3888.781
5342.4555
5244.5595
5043.309
4877.4365
4696.9235
4387.0035
4218.2005
3729.0315
2538.2575
2254.713
2911.92
2936.6155
2812.3725
2546.2735
2436.312
2408.1405
2326.9425
2222.9065
2188.379
2199.322
2120.479
1913.021
1700.9295
1666.6695
1507.185
2169.12
2342.3135
2800.3965
3382.295
3759.44
3928.0875
4206.1585
4644.238
3453.729
5323.816
5492.4265
5860.8235
6011.42
6093.4405
6313.5
6596.3565
6670.2535
6823.883
6657.5245
6601.6745
6281.848
5912.0415
5858.8035
5780.997
5485.722
5157.364
4435.606
4059.5435
2665.673
3937.8075
4120.472
3905.904
3527.3895
2923.2875
2532.3235
2256.326
1912.0855
1799.6795
1522.1365
1377.605
1172.0165
1172.812
1151.3915
1178.1495
1127.3
1077.6225
1017.22
898.9365
806.7645
699.3125
629.356
576.5635
563.9265
535.131
413.337
374.8205
423.58
377.388
419.857
403.88
330.3375
342.894
367.8875
396.6465
427.8945
411.8485
458.4065
447.1555
450.5375
422.6135
383.9345
392.578
383.4045
447.64
460.0955
520.2415
540.358
514.5265
473.744
436.6445
385.584
486.182
546.1165
589.979
586.843
632.2355
577.978
814.543
989.1905
1186.5435
1426.636
1496.8355
1797.934
2150.502
2398.116
2523.592
2863.3175
2977.6895
3300.395
3498.9615
3560.272
3999.096
4084.0635
2662.494
4220.3325
4603.4125
4765.2355
4821.4095
4754.2165
4769.3695
4854.022
4934.221
4979.376
4868.956
4780.3165
3279.06
4905.3745
4777.5535
3156.417
4564.735
4287.836
3719.225
3378.15
3090.0055
2828.5465
2842.664
2526.136
2427.0245
2389.356
2506.2265
2701.7695
2785.131
2968.7565
3321.0725
3678.7755
3699.652
3572.0925
3479.845
3495.496
3595.3765
3380.425
3486.4615
3516.5425
3601.0055
2535.0095
3610.341
3585.0025
3586.838
3673.525
3742.0135
3797.5785
2554.399
2539.6955
3734.456
3841.319
3671.659
3735.9115
3852.919
3933.599
4142.315
4257.1915
4137.7395
3982.4425
3821.3895
3849.874
3811.395
2546.2695
3489.2165
3351.1165
3335.547
3240.264
2979.559
2854.757
1869.449
2340.7865
2211.2245
2145.0185
2104.717
2049.444
2123.3375
2022.5885
1945.529
1707.759
1558.594
1434.778
1359.538
1131.0055
1039.656
996.472
1018.6715
791.0445
645.8525
573.194
552.938
571.348
586.1505
615.804
641.109
704.2445
577.3325
713.7595
755.56
658.26
883.102
876.346
953.611
1200.7025
1417.2065
1500.4775
1619.032
1732.66
1711.2955
1517.9345
1367.6795
1288.157
1318.744
1546.976
1793.4195
2001.323
2088.291
2211.1515
2322.0265
1637.0385
2115.577
2302.435
2501.1415
2758.017
2898.3365
3153.505
3440.177
3908.4865
3040.451
4541.26
4772.9675
4722.3055
4638.832
4561.128
4447.8085
4076.1995
4129.5875
3982.71
3913.427
3769.9525
3594.956
3597.465
3473.1405
3473.3235
3486.643
2503.7525
2344.713
3238.2055
3259.485
3295.5755
3375.9825
3727.5675
4549.5615
5140.084
5462.3645
5582.164
5995.1435
4193.0535
6095.212
3888.0865
5665.172
5650.606
5393.3475
5116.3705
5231.6695
5776.385
5585.609
5680.6245
3969.5715
5866.634
6103.75
6385.609
6658.331
6528.928
6590.5085
6651.8965
6830.701
7152.671
7084.006
6821.9015
6616.6625
6614.9855
6534.035
6355.5855
6352.5315
6116.7215
3791.0945
5186.3855
4732.363
4593.014
4302.499
4537.45
3135.012
4419.904
4570.5815
4350.0975
4435.0285
4744.8135
5074.435
5307.156
5495.8695
5539.3115
5397.2605
5545.1535
5748.365
3658.9035
5242.085
3597.2865
5429.4585
5787.607
5872.201
5389.2825
4959.999
4781.246
4609.211
2992.8025
2787.483
1825.2245
2314.6065
3089.744
2870.455
1939.3535
2478.135
2468.9655
2532.7055
2570.8545
2450.8155
2382.7385
1587.827
2015.009
1740.3105
676.573
1210.4715
1131.5875
1019.7495
955.3435
910.59
906.6735
759.873
999.969
760.6005
599.322
1223.4235
1310.729
700.993
1970.133
1683.043
2813.819
3089.3775
3328.34
3422.006
3451.5785
2394.569
3253.927
2919.347
1509.3885
1137.329
1352.2705
1173.5605
1080.086
1004.254
864.149
718.6185
658.7215
455.105
486.483
866.6275
931.782
935.8895
984.9475
1166.043
1550.836
2012.0645
1666.5305
2366.8565
2503.78
2493.1725
2456.006
2186.221
1369.7425
2027.3475
2429.8635
2788.1345
3060.675
3144.3145
3290.505
2895.2035
2024.739
1649.954
1722.831
2234.009
2354.3005
2918.5225
2840.568
3312.611
3958.7215
4269.4585
4402.072
4257.3465
4203.556
4305.3605
4357.05
3149.168
4312.8695
3901.6615
4032.8975
4385.97
4539.6195
4416.059
4518.905
4454.489
4353.0525
1995.62
3195.2795
4614.3145
4946.4185
5381.112
3825.8915
5314.1145
5642.848
5735.4835
5784.758
5660.7825
5633.1695
5747.2925
5486.707
3834.366
3882.265
5881.4385
6242.6465
6025.193
3834.602
5173.11
5139.7255
4750.472
4848.9725
2087.236
3381.043
4871.6885
4883.1905
5332.771
5180.277
4957.918
4844.6395
4792.059
4392.799
2842.504
3716.619
3496.7095
3217.0195
2865.4365
1750.0335
2084.4245
2086.697
2158.5515
2424.155
2843.9445
3009.365
3118.789
3153.4395
1383.26
2352.398
3300.2765
2396.7295
3624.631
4054.2
4439.73
3440.2165
4866.719
5030.933
5177.5405
5367.4115
5217.331
5232.317
4744.517
3083.1355
3784.8065
3795.1615
4115.1775
4480.903
4415.183
4268.7775
4645.286
4776.07
2004.44
3388.7205
4587.0535
5178.1495
6050.9175
6215.2545
6108.0345
6377.197
6567.798
6755.7435
6447.758
6533.954
6482.096
6240.1955
5398.7155
1833.108
3445.216
2878.4225
2695.528
2238.863
1329.7975
1551.8545
1277.6645
1109.778
486.539
881.1445
803.6865
650.812
607.6935
623.847
633.7455
677.885
863.3935
985.464
1189.2385
1393.231
1537.026
1545.6285
1542.813
1037.719
1071.516
933.3435
795.6675
817.6425
857.2585
897.112
828.396
823.9705
604.963
652.8075
692.4825
679.649
705.88075
785.3075
857.106
886.9995
945.035
985.348
1019.888
1157.724
1216.6985
1227.878
1269.412
780.606
1032.4255
997.238
976.0565
976.3575
986.7325
969.879
982.18
1033.3355
1054.3435
1026.936
1009.047
1050.4155
1224.546
1279.804
1271.4125
1522.9085
1688.499
1745.8525
1729.93
1855.7505
1945.483
2014.1855
2140.1085
1736.5015
1913.106
1950.4625
1988.228
1627.3205
1928.341
2033.792
1766.7405
2179.9295
1391.201
1437.204
2441.422
2525.693
2692.3895
2997.359
2581.3495
2046.022
2589.282
3099.469
2925.434
2403.55
2837.731
2627.0305
2482.4865
1590.129
2014.202
1752.1555
1657.1405
1620.108
1603.4805
1633.7805
1315.681
1535.882
901.096
1285.8045
1889.947
1971.3645
2182.092
3102.669
2744.1645
1863.226
5790.841
5688.4255
5823.2555
5899.1
5892.5105
4408.994
4425.076
4287.87
2512.673
2507.579
4269.935
4139.956
2358.225
2292.367
3541.2135
2241.0355
2236.422
2188.216
2156.93
4184.8835
2211.499
2300.349
3861.76
3805.407
2309.7105
5213.6285
5039.1645
4856.347
5063.7535
3608.349
5305.8065
3233.3395
3957.616
3492.4015
3532.4055
3343.3925
3100.7745
1298.208
3228.2065
2138.137
1174.721
1104.799
1719.9595
2348.1945
2638.4975
1902.94
2922.9005
2109.219
3541.2025
3848.8435
4343.3485
4312.2675
4396.097
4310.92
4364.1385
4135.5065
3723.227
3389.781
2981.889
2660.8675
2717.697
2456.2285
2346.972
2357.954
2364.89
2346.755
1715.3085
2513.5285
2349.8745
2355.8795
2265.5445
2162.0945
2424.689
2519.488
2455.478
2548.217
2753.6315
2628.341
2379.5765
2085.9675
1859.9795
1811.424
1705.995
1685.6115
1610.433
1667.3285
1961.0795
2117.93
2450.1765
2665.5975
2646.719
2760.92
2896.893
3023.356
3163.02
2212.1685
3388.5315
3560.1835
3608.2585
3564.5635
3437.6515
3192.2805
2905.3875
2696.3215
2641.8785
2490.428
2311.1965
2000.6965
1757.5835
1486.2595
1153.625
834.8355
674.2315
557.924
584.5575
570.1225
631.838
755.491
935.747
1238.2135
1596.677
2012.984
2588.1085
3034.037
2050.7105
3066.6845
2774.2845
2289.656
2024.531
1877.7055
1654.572
1447.5475
1055.949
762.763
488.581
391.63
340.0005
399.098
541.2275
661.2865
907.4145
1081.794
1396.081
1721.144
2047.055
2348.5415
2475.5965
2292.954
2192.91
1958.4705
1616.0665
1451.483
1265.6075
1041.6775
1509.875
1607.575
1664.482
1765.673
1815.8485
1931.4145
2028.6235
1986.3485
2075.193
2105.473
2328.562
1665.0565
2493.8785
2782.17
2828.749
2680.1775
2520.0125
2491.3105
2710.9205
2521.1915
2203.292
2109.0145
1872.522
1504.4455
1269.1025
1265.076
1330.164
1198.366
878.2085
1246.4775
1465.59
1573.24
1893.887
2240.607
2968.6815
3443.124
3873.0995
4386.74
5102.3265
2667.04975
5468.132
5584.1265
3687.6705
5378.5975
5065.673
4070.7395
3354.2185
2767.2815
2593.6925
2468.1345
2611.246
2694.491
2528.4985
2749.503
2703.613
2597.898
2598.977
2761.4805
3178.68
3599.5545
3767.599
3750.051
3931.14
3783.208
3492.5425
3165.981
2584.85
2178.2795
1759.6815
1545.207
1435.084
1628.5375
1849.493
2011.695
2464.3225
3071.838
3297.451
3449.5855
3663.6335
4050.2615
4416.942
4877.0065
5419.4495
6063.662
6274.2215
6613.166
6674.1465
6765.269
7012.048
7094.4975
6830.1485
6371.322
5650.6925
4993.4645
3911.2765
3586.8375
3120.647
2550.9355
2271.705
2160.266
1792.4035
1472.52325
1324.0815
991.6005
754.972
581.6255
386.9055
362.1455
377.7895
411.4645
435.202
524.1945
545.946
623.0805
705.0185
787.5605
930.6705
919.885
769.569
801.2205
725.8185
680.9965
665.118
575.056
521.626
548.265
590.5895
651.0775
590.1325
551.2055
548.5015
580.698
550.2115
521.325
710.9635
800.2015
885.934
1120.359
1407.226
1481.1775
1440.7875
1200.3305
992.987
941.261
873.264
805.5335
778.424
774.606
859.808
885.041
902.167
923.9445
937.358
939.7395
956.6685
1035.821
1170.9335
1282.675
1297.97
1310.939
1342.747
1412.617
1515.5535
1584.4725
1554.406
1359.5275
1219.002
1135.115
1086.012
1010.53
914.231
901.359
883.835
893.5495
901.5295
877.366
837.342
831.3855
884.624
1138.003
1333.9165
1550.782
1847.2995
2062.84
2248.735
2447.7275
2903.6575
3367.8815
3737.7875
4085.0675
4001.2965
4273.8375
4284.583
4139.8915
3865.6895
3557.594
3376.3165
3177.775
2959.879
2804.6935
2583.8265
2355.121
2358.429
2418.6795
2299.081
2172.177
2074.269
2056.0805
2005.678
2039.207
1971.2595
2015.8605
1976.2435
1862.4975
1677.1815
1559.811
1521.755
1395.3455
1338.681
1298.1295
1251.7745
1171.178
1144.955
1141.322
1069.2245
1042.527
1096.9595
1112.639
1112.9695
1088.271
1041.904
1018.4345
1017.4815
1027.7295
1024.195
1052.5285
1041.9945
1073.045
1017.742
977.024
991.0585
965.454
968.271
984.638
997.899
973.546
973.5155
947.2985
941.3365
689.4365
712.549
711.9515
716.024
526.559
697.9675
735.976
763.4665
779.6925
823.774
855.9745
760.988
664.7045
579.4575
503.225
483.468
453.2415
448.052
456.713
485.7715
486.4595
511.87
577.1715
644.399
754.1405
965.483
1392.092
1733.7015
2073.1115
2488.2155
3015.638
3543.4215
4058.2295
2693.4175
3927.8645
3802.4725
3544.108
3618.9325
3677.256
3756.4145
3866.9015
4029.874
4069.1845
3972.072
2527.404
3643.698
3826.5275
3891.536
3981.796
4061.6875
4277.632
4157.5335
4114.0415
4056.3295
3996.4475
3877.3985
4237.2565
4195.1955
3704.208
3200.6245
2759.102
2108.6
1365.71
1812.8235
1649.155
1509.939
1473.619
1482.256
1512.4315
1472.4035
1448.732
1445.0525
1307.644
1258.4935
1319.134
1364.134
1434.6725
1418.6225
1387.1665
1417.6785
1551.229
1642.2885
1793.1205
1910.202
1882.3315
1897.5635
1984.689
2219.991
2274.6925
2522.277
2748.394
2099.047
3238.3155
3475.5205
3518.8645
3394.4755
3364.025
3567.9075
3371.5755
3315.653
3211.27
3201.8045
3015.3775
2763.497
2583.8405
2517.0905
2541.0925
2629.587
2552.218
2265.3185
1933.3895
1737.2985
1545.7055
1484.929
1347.5645
1228.841
1116.9525
1072.2525
1060.932
1028.06
936.7325
1046.2775
1058.877
1087.1215
1133.582
1185.6035
1279.7735
1373.9935
1600.783
1671.635
1805.59
1865.9365
1852.8835
1762.499
1828.824
1952.9075
1560.736
1724.5535
1680.07
1621.426
1500.115
1485.3735
1467.025
1469.5255
1463.6275
1487.1995
1264.1395
1541.0835
1557.4275
1622.021
1614.1455
1580.0165
1612.3925
1560.778
1567.0975
1573.951
1488.0555
1372.018
1455.8465
1414.712
1316.806
1186.90975
1063.6715
1060.264
1073.4405
1195.8905
1308.8325
1449.904
1544.97
1689.572
1736.586
2009.193
2382.682
2839.3105
3253.757
2392.618
3467.762
3558.6405
3429.9065
3352.0935
2967.7455
2862.7255
2736.5685
2430.779
2424.767
2213.359
1794.543
1612.458
1669.378
1895.197
1907.1975
1958.093
1794.948
1977.814
2225.506
2238.762
2382.671
2523.35
2653.68
2864.777
3086.843
3581.4965
3964.2235
3843.1385
2764.6835
3539.076
3565.177
3650.502
3839.254
3441.9705
3259.5065
3104.647
3468.09
3680.6365
3818.0265
3941.8195
3698.0325
3582.072
3442.87
3532.835
3549.783
3795.4885
3917.565
3901.233
3838.285
3623.6905
3326.9
2927.7005
2508.254
2324.9775
2104.4565
1966.0555
1801.7295
1143.3885
1339.5425
1151.6185
1024.118
1001.6965
961.104
851.9645
756.188
716.8805
661.259
702.5205
739.657
773.669
817.9535
846.7575
940.4355
1042.445
1197.6285
1327.7895
1472.399
1454.5315
1544.0545
1686.79
1546.4005
1407.515
1430.93
1401.786
1467.4445
1499.0775
1237.25
1383.779
1447.6795
1656.1245
1908.9755
2216.356
2359.3815
2628.0685
2930.1065
3212.6025
3580.4905
3747.381
3746.7465
3465.1155
3396.8845
3457.0405
3338.066
3010.7205
2538.561
2281.1945
2242.0625
1946.8575
1794.499
1914.7305
1725.765
1628.597
1450.106
1449.0055
1573.084
1694.6495
1805.535
1892.01
1854.294
1737.2005
1752.923
1619.4925
1500.9135
1338.745
1201.7995
1109.4045
1093.9465
1065.1575
979.8085
887.5035
762.8525
714.3895
665.4675
610.3435
617.666
612.4905
616.263
629.2405
653.4455
600.3425
664.2525
729.45
726.9665
668.428
677.1715
638.7905
686.849
698.5485
644.546
543.4245
493.7435
472.7385
459.931
440.305
429.6965
385.6715
321.985
304.1605
305.6175
283.5495
259.232
249.114
248.8315
276.55
318.738
384.846
468.861
545.9305
684.343
748.933
763.4125
752.4495
693.663
633.7095
588.956
566.59
564.0935
519.2945
507.48
492.6145
419.4175
384.2085
379.2775
366.141
455.3825
413.318
375.132
404.1875
492.4615
506.556
583.997
629.7595
660.238
679.794
646.468
597.4735
532.6735
411.6265
383.4765
360.819
276.831
268.158
269.9415
242.5255
249.708
264.6755
253.561
242.9975
224.183
223.4355
246.2125
270.34875
301.3395
343.8055
385.591
401.324
439.6405
461.999
533.8675
524.1935
485.045
411.4605
377.6625
376.156
389.2295
451.561
478.0085
477.332
526.009
514.242
502.1485
491.4
462.8885
514.5985
575.2505
554.6155
645.164
706.415
794.9955
888.7205
1005.715
1125.3055
1283.409
1428.705
1638.7615
1557.2355
1552.6275
1663.6965
1769.419
1753.9175
1623.33
1518.3745
1579.713
1524.0185
1607.487
1637.122
1564.4035
1396.095
1396.2085
1389.7935
1359.7945
1393.966
1393.802
1386.066
1450.1495
1531.6975
1563.5305
1484.8425
1413.5975
1279.9515
1222.911
1225.1555
1219.024
1141.973
1038.1875
953.7495
905.414
773.9045
726.641
739.4655
629.2175
652.2155
675.294
621.404
580.205
655.3205
737.9135
776.138
869.2825
905.9855
939.1905
949.7
940.9855
892.3025
881.902
900.8315
819.1595
753.288
784.159
617.8025
696.767
612.4125
618.434
642.233
634.8535
693.913
734.7795
675.9865
685.5915
754.4315
854.926
884.792
1117.528
1212.403
1195.2835
1137.2925
1128.3405
996.337
962.7915
906.3285
896.945
830.034
792.236
784.2295
802.598
791.7435
775.8295
741.2545
694.603
702.174
664.4955
634.496
640.329
611.692
619.9015
597.978
684.539
725.2155
782.272
826.8515
801.727
683.5775
584.7535
562.173
481.2435
453.536
424.082
397.133
356.8615
338.09
332.716
349.1455
321.304
292.515
332.304
407.0505
435.603
428.444
456.462
497.091
524.223
514.92
491.1645
463.6015
467.0715
417.52
342.3245
365.423
327.047
301.3465
283.3425
218.5695
219.6395
221.844
233.151
282.0285
274.396
293.394
326.9695
376.6995
418.2055
499.515
574.16
649.121
811.515
978.4265
1083.3295
1130.006
1034.1905
900.2595
810.5665
837.7415
719.936
706.0555
568.297
554.391
570.978
635.028
701.8675
721.418
688.9445
726.4895
817.2175
904.0985
928.0315
951.765
1060.28
1092.8115
1271.3635
1473.598
1598.2795
1604.786
1570.7495
1529.698
1435.881
1269.642
1233.5865
1107.282
990.388
916.042
838.163
846.715
907.707
890.478
897.0805
976.555
977.8505
1079.167
1156.172
1198.6065
1252.505
1222.44
1255.763
1299.8525
1363.2355
1445.628
1483.0915
1306.2945
1059.265
921.087
797.626
673.733
600.2695
541.826
470.5165
440.042
483.811
462.802
561.505
965.531
1603.069
1974.0815
2323.862
2905.16225
3304.6695
3438.0675
3447.1625
3620.06
4428.8695
5255.9385
5188.3185
5141.364
5300.4545
5296.636
5193.784
5388.703
5207.4615
5029.566
5102.732
5331.4795
5273.452
5637.0375
6056.887
6547.7125
6412.9365
6629.7195
6902.64
7020.0065
6653.987
6534.256
6345.7275
6323.4745
6240.81
5870.32
5542.582
4734.0585
3986.881
3834.5405
3844.21
3838.3585
4095.347
4294.203
3921.0705
3561.854
3319.287
2972.656
2071.4825
2985.326
3074.6
3236.0435
3357.2035
3323.105
3423.834
3384.3415
3162.522
2969.108
2479.3255
2184.787
1694.4175
1409.8415
1385.812
1401.2895
1424.521
1401.4055
1327.30425
1413.1615
1464.734
1717.753
2010.0275
2340.486
2614.5915
2920.306
2472.9465
2667.659
2774.067
2914.7335
3178.868
3330.724
3230.2575
3039.4315
3173.7975
3229.513
2937.37
2814.0565
2598.9515
2298.0275
2271.1815
2309.2635
2127.359
2036.872
1818.209
1788.104
1793.502
1579.5975
1615.4555
1634.033
1655.518
1763.437
2023.18
2386.115
2833.1195
3323.3565
3518.218
3535.243
3531.035
3469.2285
3434.976
3302.44
3548.4875
3645.1345
3403.8405
3173.0855
3063.7905
2921.637
2791.2025
3016.185
2934.106
3147.084
3549.8745
4230.969
4486.658
4464.939
4759.6655
4783.8745
4724.8385
4462.6715
4705.273
5448.847
5811.6005
5497.887
5089.3285
4926.407
4919.3475
4759.253
4926.1305
4589.9035
4261.5365
4078.375
3665.0865
3776.2685
3649.8585
3450.9515
3152.4845
3210.4245
2996.5825
2908.3515
2907.6985
2933.8555
2794.716
2548.131
2307.2245
2084.792
1954.562
1892.452
2171.982
2322.394
2556.8265
2671.863
2802.3325
3095.014
3036.1065
3303.6455
2491.6775
3205.8695
3168.682
3806.99
3794.7735
2747.4645
3865.4145
4248.0025
4198.472
4222.4085
3938.117
3876.2115
3820.27675
3214.0615
3193.244
3255.7345
3145.7095
3292.661
3685.0175
3565.8605
2804.298
2749.004
3063.822
3260.8355
3710.655
3933.4125
3853.4925
3998.453
3286.8185
4053.719
4870.0985
4815.845
4860.662
4858.0545
4986.332
4845.721
4815.559
4821.584
4767.88
4717.984
4483.5
4166.207
3968.1235
3868.3835
3566.125
3076.3825
2887.836
2831.6985
2974.331
2816.379
2749.953
2361.6075
2169.1515
2258.922
2189.537
2188.5595
2367.5365
2513.7525
1925.5935
2671.9925
2814.497
2881.7315
3003.162
2990.611
2679.8275
2425.5185
2075.7125
2031.7985
2069.3655
2076.9825
1998.574
1885.206
1839.141
1883.484
1818.6955
1761.8515
1761.8875
2202.779
2471.012
2525.966
2466.0885
2421.9285
2438.391
2297.943
2276.444
2232.1325
2142.6315
1387.1305
1762.123
1500.0155
1218.4195
1122.826
964.4615
847.2075
798.527
813.9525
543.6025
793.368
809.492
750.2885
684.8925
687.3155
735.1315
840.326
909.2765
1007.9315
1040.8745
1014.1675
1014.499
1016.628
1003.3525
952.177
862.786
736.528
681.0325
719.616
547.129
743.5125
722.5835
767.3995
789.385
802.0085
784.9455
755.1905
667.017
655.803
610.313
623.675
657.04525
673.5625
649.665
659.199
658.834
644.669
613.6655
615.0435
597.619
499.736
430.0545
407.777
375.005
357.2315
363.449
354.5025
329.67
320.4245
312.9305
277.428
273.5625
270.6885
264.062
281.698
299.734
306.569
331.8385
348.982
364.687
333.8125
362.773
392.346
429.4825
470.2025
501.059
524.212
556.743
550.8855
587.4335
573.824
520.979
469.181
484.9125
524.2455
555.806
646.3385
691.8435
720.7095
737.3955
706.7435
708.0055
691.809
720.5305
754.399
767.2365
783.8745
763.092
884.833
1069.2935
1172.168
1138.649
1073.1895
1003.2635
866.704
792.644
725.5365
694.299
692.3135
679.302
684.011
637.3725
649.684
657.567
728.7295
828.939
871.538
968.9165
1021.0555
1102.4785
1128.8495
1150.556
1163.2025
1118.5065
1059.533
1036.065
997.5265
928.0305
895.541
991.017
905.6375
973.4385
987.4105
916.4515
913.7135
914.186
994.95
1052.0675
1077.6625
1207.7785
1386.715
1571.5215
1639.987
1674.366
1708.12
1651.0185
1730.501
1744.593
1755.5895
1822.6245
1810.072
1725.8535
1594.8965
1409.7795
1431.0875
1436.9625
1325.984
1189.7135
1160.383
1161.6805
1219.126
1360.7275
1526.533
1761.11
1879.845
1908.391
1915.4965
1945.3365
1986.6945
2142.604
2161.262
2210.8075
2180.0525
2133.5575
2131.8795
2042.0285
1985.8885
1957.5965
1919.6955
1931.8535
1885.237
1785.3595
1772.5205
1675.029
1627.6855
1847.5155
2002.132
2149.083
2388.804
2450.5125
2698.454
2809.8435
2863.8415
2888.759
2720.6505
2362.964
2159.206
1995.917
1731.569
1581.151
1668.826
1651.6175
1858.7425
1966.579
1967.8085
1934.766
1933.1855
1433.9745
1893.471
1900.7785
1905.793
1870.1855
1927.5925
1988.8945
2001.8405
1962.4435
1940.77
1836.9885
1814.893
1810.1515
1996.4645
1862.743
1753.3055
1697.1835
1627.356
1544.4385
1491.5635
1493.6375
1439.0955
1401.7415
1410.9005
1420.2625
1472.261
1457.1705
1485.092
1515.032
1544.5915
1624.4625
1602.0195
1560.4855
1530.0575
1483.0045
1400.559
1330.457
1250.3885
1272.7825
1225.1735
1251.158
1088.7555
1031.373
942.2215
849.95
801.278
761.751
685.4025
628.0975
600.6395
541.4575
574.797
606.715
628.582
674.4225
709.054
685.9575
635.569
560.1235
540.8555
556.252
605.707
750.502
831.6635
1013.3205
1244.6175
1416.6275
1581.8235
1571.98
1511.8915
1633.641
1515.3465
1448.708
1453.2805
1286.1135
1232.545
1334.576
1384.46
1479.9755
1545.538
1611.9395
1601.494
1478.874
1238.5985
1030.315
872.087
705.323
549.8685
460.136
382.932
329.7175
332.5815
351.8215
378.188
369.7545
365.428
484.699
561.1615
680.3005
751.682
782.0215
868.767
949.2855
1001.9205
858.3445
1084.312
759.1025
825.1855
728.4355
651.6515
577.883
514.2205
475.0995
434.509
407.708
471.5925
439.067
385.9025
334.0565
321.6125
359.7095
411.775
459.53
556.002
591.3365
854.897
772.2835
1169.713
1186.5875
1138.153
1139.386
1044.9745
898.907
868.7335
880.4605
840.8955
788.684
827.072
563.257
754.5945
766.9595
799.0845
813.4535
1050.893
1231.85
1409.502
1511.9395
1523.016
1595.959
1753.176
1760.9705
1769.125
1681.994
1500.143
1289.5025
802.223
800.6515
705.533
662.487
618.208
574.785
582.088
612.6725
622.133
675.898
756.312
757.9915
705.446
521.605
865.1815
916.2175
927.9565
957.5495
1029.234
1178.3695
1441.942
1577.175
1656.795
1724.894
1455.673
1263.275
1137.9435
964.8205
902.1145
746.007
922.0515
898.7705
876.3645
824.639
820.6245
887.458
936.987
931.3635
867.999
863.548
904.2895
945.457
922.5785
963.509
985.6025
950.7705
949.5135
720.2365
942.6595
887.544
818.811
766.6835
769.62
733.5115
619.0155
566.8415
592.264
564.3385
535.75
523.35
550.9295
574.6795
533.377
517.823
519.7665
569.7965
599.449
692.2295
744.693
787.958
793.8255
740.697
783.935
741.0045
663.1195
632.633
609.535
575.6035
532.8
549.0735
508.759
503.188
467.9325
463.2735
505.901
490.6955
487.72
484.068
474.8165
491.543
505.932
534.209
551.226
550.3675
583.1855
553.9945
523.938
525.48
513.4225
462.74
380.8495
314.2215
273.8885
246.6415
225.9715
227.6555
214.42
226.598
240.6885
261.235
295.7615
378.108
488.915
590.7975
618.8575
661.8955
701.568
680.02
671.9295
692.188
671.1415
622.461
625.692
606.386
576.482
570.935
623.613
682.8395
794.755
921.8205
992.9005
1119.077
1325.82875
1636.93
1979.4105
2174.94
2408.1135
2648.4135
2774.852
2933.2105
2933.2895
2967.0975
2782.301
2441.5275
2263.449
2165.0155
2037.758
1973.8085
1877.271
1827.497
1771.61
1628.244
1535.9725
1497.3955
1465.7795
1404.1855
1503.429
1556.5145
1575.767
1539.629
1676.158
1805.163
1924.0305
1921.1245
1964.686
2074.1775
2033.464
2028.8765
1895.7645
1814.591
1753.4965
1683.694
1611.659
1543.299
1483.3075
1489.55
1430.2925
1315.926
1065.644
917.579
893.9655
802.5965
766.885
897.568
1006.725
1132.669
1196.2425
1172.9925
1248.955
1264.568
1206.933
1164.0255
1014.701
885.3125
854.086
838.1415
854.603
746.7025
808.562
876.568
845.7715
849.4225
852.967
834.359
827.162
887.134
894.278
978.854
1063.6725
1139.9205
1203.967
1371.4135
1375.2
1407.0105
1306.567
1166.049
952.359
741.2835
754.66
726.201
748.981
713.1545
539.247
634.514
603.169
576.3555
507.5975
437.2275
315.808
402.509
425.1855
444.985
494.915
543.4885
548.9505
577.1155
574.1265
553.2155
522.2755
468.573
421.342
394.665
373.068
360.199
371.864
367.4005
334.238
313.026
296.198
318.78
306.6215
264.063
307.143
381.92
520.349
686.6065
808.23
974.689
1051.6315
1213.9005
1358.201
1359.421
1356.6355
1218.169
1141.7735
1072.876
1024.4105
992.2945
959.1615
979.1775
961.076
867.867
901.979
940.1735
898.6705
968.799
1195.206
1209.793
1136.939
1105.991
996.712
1025.4595
969.376
915.0465
901.3385
814.4675
672.824
594.376
504.0745
386.958
341.577
332.4975
312.3295
305.5075
291.6335
280.739
273.076
277.484
289.054
294.095
300.1425
347.584
464.8475
617.5045
746.4875
885.337
1029.6365
1119.6875
1341.9705
1415.1655
1346.1095
1248.005
1195.9625
1210.1685
1214.8215
1438.7915
1585.5635
1688.578
1782.653
1864.6695
1828.715
1835.499
1836.9675
1885.18
2000.7245
2016.1205
2062.2315
2116.548
2257.1265
2435.661
2388.5145
2403.66
2264.994
2036.2845
1805.4745
1543.334
1273.9
1022.1725
1034.7565
1106.92
1131.551
1075.8105
1038.87
1091.803
1164.825
1347.2085
1317.931
991.978
1638.4275
2144.416
2447.553
2461.942
2445.327
2334.2385
2203.587
2183.6745
2172.8575
2240.538
2213.8295
2013.424
1797.619
1598.6495
1328.514
1085.639
1125.2745
1198.064
1123.994
1153.029
932.48
778.0965
688.1755
653.1565
687.894
749.574
782.6965
885.329
983.4935
983.4155
1157.2545
1324.2675
1379.2185
1362.2515
1387.6585
1238.9725
1016.7805
871.1855
818.0025
763.703
780.863
813.718
736.9435
735.2305
762.7515
814.489
916.862
939.696
930.0305
982.527
1179.9305
1477.8515
1636.8115
1673.0085
1646.6295
1690.0085
1615.106
1524.132
1383.7085
1191.5105
1009.55
942.778
1001.1555
1172.5995
1427.2585
1507.6535
1598.5435
1656.2915
1774.4245
1817.6415
1870.8265
1799.778
1979.101
2235.1265
2415.179
2681.1375
2767.149
3045.478
3141.5265
3096.5875
3115.583
3020.6395
2775.8995
2427.1355
2004.349
1972.149
1840.1635
1849.7365
1717.9905
1741.649
1775.7275
1891.0465
1878.947
1887.1675
1857.4025
1862.6605
1807.99
1945.9045
2185.189
2513.6605
2739.843
2897.008
3058.207
3001.736
2805.75
2456.256
1954.1585
1566.9425
1747.435
1944.4935
2099.345
2055.2695
2278.3455
2410.2355
2597.4095
2729.131
2770.6915
2683.974
2774.1845
3275.179
3732.016
4002.1065
4557.855
4525.164
4742.069
4836.265
5053.6455
5064.044
5076.987
4773.8755
4852.7045
4734.098
4220.069
3882.044
3745.325
3466.9275
3311.405
3293.5845
3287.157
3162.539
3348.8785
3528.719
3764.826
3874.173
3994.1925
3947.1585
4196.1555
4659.802
5074.3565
4866.6055
4474.15
4252.4725
3929.002
3554.9345
3548.8535
3229.19
2893.4555
2655.5785
2560.6315
2428.5065
2324.18
2208.01
2290.131
2312.761
2203.352
2372.67
2750.9785
2938.7675
3356.4035
3794.6615
4176.1095
4277.1585
4339.438
4292.222
3849.2805
3483.9385
2839.4515
2467.556
2194.437
1925.9645
1804.716
1714.806
1690.692
1682.7475
1555.6365
1555.272
1548.117
1608.7655
1523.8475
1706.427
1786.1735
2021.2435
2806.8165
3475.4495
3760.0745
4096.784
4226.023
3611.208
3583.369
3651.1935
3783.1335
3872.5925
3571.899
3123.6
2799.1925
2601.6975
2507.342
2131.731
2019.806
1860.491
1817.352
1636.0625
1706.385
1626.285
1564.988
1756.9145
2462.7785
2842.596
2954.0055
3024.0555
3178.032
3263.8405
3207.0615
3327.515
3273.874
3189.318
3617.522
3768.428
3708.312
3594.992
3452.828
3097.444
2649.0985
2344.9165
2172.9085
2219.199
2053.3085
1871.141
1665.8075
1531.7695
1559.828
1613.5395
1531.779
1556.029
1562.0625
1651.89
1717.119
1795.739
1788.497
1629.0735
1459.2405
1314.0115
1237.027
1156.436
1095.36
1078.439
1113.0785
1111.421
1009.1355
952.491
941.5925
857.217
831.8825
897.893
930.329
912.7885
917.525
1047.4855
1212.7005
1451.4645
1406.953
1583.2975
1692.811
1756.4585
1763.494
1818.7895
1806.315
1702.452
1606.0585
1654.801
1588.5935
1344.867
1054.7705
992.2505
995.2445
939.3775
848.1145
823.3165
906.115
1054.27
1302.579
1673.158
2035.0745
2431.964
2896.9835
2950.8
3007.5765
2807.9455
2519.2245
2249.369
1946.9255
1708.19
1584.386
1566.497
1522.0185
1384.529
1359.8855
884.6075
1209.3235
1129.5325
1019.933
864.232
762.6715
770.5035
840.172
926.8835
1008.9195
1127.346
1245.801
1366.1135
1457.245
1437.6495
1321.4595
1209.6965
1112.197
1131.2345
1263.7565
1450.986
1618.669
1871.982
2029.563
2217.878
2207.511
2108.9505
2018.266
1956.9585
1771.639
1691.664
1968.977
2288.587
2330.4805
2365.324
2312.252
2482.0965
2403.9265
2167.875
1980.5315
1691.041
1365.233
1044.1825
879.2635
765.268
672.8425
612.5485
567.1595
567.75
582.8505
615.3085
658.9965
759.407
931.207
1097.585
1260.4665
1502.253
1712.5325
1858.5585
1865.855
1894.2125
1900.085
1658.592
1559.5425
1498.445
1334.6435
1389.647
1363.311
1386.2395
1412.854
1356.919
1353.8
1409.1285
1633.9015
1598.4825
1593.6715
1521.5565
1452.668
1599.5845
1709.4385
2116.2625
2182.4745
2428.9095
2561.7885
1988.108
2669.6655
2769.1095
2633.65075
2396.2055
1948.772
1742.037
1620.934
1476.5635
1333.5885
1311.997
1313.8185
1266.7745
1299.493
1365.1205
1519.0235
1665.982
1766.7585
2192.59125
2520.843
2610.913
2570.6655
2444.835
2262.7675
2254.645
2251.2965
2304.784
2157.882
1951.5295
1093.2995
1333.1655
1160.9095
1091.8525
1273.23
1351.417
1348.2285
1246.351
1439.1115
1495.7085
1357.6995
1487.376
1455.3595
1451.5945
1579.794
1673.898
1798.63
2036.4385
2187.1415
2340.9065
2669.021
2577.6915
2369.062
2243.6885
1762.6065
1629.025
1593.329
1556.168
1507.3315
1126.492
1414.025
1207.399
1007.66
916.703
948.454
856.3225
767.302
809.9675
938.8055
1063.141
1166.2285
1415.2255
1608.0085
1810.4485
2014.0575
2111.038
2212.2135
2276.4095
2335.0695
2523.3595
2790.7245
2776.7515
2683.322
2544.7445
2513.826
1953.6895
2528.7065
2538.43
1866.6125
2500.992
2573.8515
2596.724
2665.5995
2811.3155
2864.711
2782.509
2537.84
2324.996
2266.6865
2008.383
1851.305
1668.327
1525.964
1515.711
1442.955
1286.5825
1244.6865
1120.2575
1033.4665
944.2085
903.9455
945.8285
1036.214
1054.2485
966.735
710.9585
585.221
842.228
1219.793
1301.1065
1385.198
1431.4065
1416.5875
1349.265
1234.1775
1110.059
991.727
931.7445
1005.18
1037.9715
1148.262
1074.6435
1137.6235
1194.879
1311.973
1297.29
1237.0495
1336.6345
1480.494
1807.618
2026.968
2228.2825
2256.8445
2373.004
2812.7105
3143.2075
3661.307
3674.2665
3530.9925
3276.9455
3084.4865
2866.0345
2735.2625
2555.903
2482.1515
2727.988
2839.2115
3274.324
3337.246
3609.791
3555.647
3570.1605
4031.2295
4203.266
4402.203
4598.2865
4844.316
4615.876
4612.88
4843.165
5029.157
4492.549
4074.3895
3988.1785
4177.8845
4054.3845
3925.2405
3600.2465
3104.001
3013.694
2992.3225
3071.377
3016.9645
2928.9295
2851.7985
3047.3915
3146.917
3475.5615
3857.575
4257.1325
4231.8835
4156.6315
4227.008
4282.166
4489.931
4354.0715
4119.7455
3589.864
3265.4335
3148.8485
3156.6665
3268.888
3369.6575
3409.229
3395.4395
3334.621
3359.6275
3166.6145
2900.5005
2770.1325
2893.4415
3294.3445
3857.9285
4453.721
4636.6845
4438.482
4283.1325
4511.9435
4594.8885
4636.5405
4481.3695
3080.315
3799.82
3619.5095
3754.9045
3709.928
3500.232
3530.921
3414.6035
3348.3855
3153.648
3296.974
3528.3915
3520.9215
4246.982
4759.336
5085.912
5265.2725
4972.6345
4829.6795
4860.463
4830.7355
4430.2085
3843.5965
3388.584
2854.1425
2351.3745
2042.2185
1989.147
1975.654
1521.924
2233.206
2499.8325
1807.222
2327.4435
2451.4325
2342.1945
2376.1695
2427.2335
2665.5465
2657.48
2604.9895
2433.1675
2441.077
2259.4995
2105.9265
1891.752
1748.375
1726.454
1429.592
1163.531
1006.9545
809.067
626.844
532.596
513.4655
479.6925
443.639
458.115
386.532
383.924
378.2065
399.058
402.2145
379.9635
420.4585
438.4305
468.165
502.37375
599.2705
574.301
553.0705
560.576
507.158
469.8305
464.7575
487.285
460.0355
390.6085
381.9245
403.9415
418.8215
420.465
444.4635
480.6135
530.077
581.243
658.926
846.163
1119.7855
1509.224
1935.0855
2549.159
2964.3265
3131.1065
3283.652
3288.264
3020.413
3034.524
3414.0155
3283.8825
3079.4485
2613.549
3086.056
3307.8785
3453.648
3693.222
3617.477
3166.5805
2805.9865
2519.677
2534.0805
2621.6155
2888.534
3071.3965
3214.9195
3278.443
3135.3465
3190.1005
3080.017
2922.503
2492.109
2153.705
1856.7015
1616.927
1671.9935
1541.0305
1599.467
1773.763
1619.3425
1577.922
1707.907
1832.716
1921.9895
2101.196
2521.8355
2622.897
2867.0205
3388.3625
3517.7455
3748.928
4097.7045
4361.589
4467.0525
4203.3625
3903.839
3663.1275
3751.3065
3933.609
4211.293
3888.3295
3870.1195
4407.746
4608.1535
4387.3755
4214.5685
4141.316
4016.9655
4190.007
4461.386
3229.825
4456.2475
4454.878
4703.8835
4747.474
4980.241
4968.144
4758.384
4491.265
4291.2495
3898.8065
3828.375
3655.3815
3536.677
3617.917
3768.9845
3760.7695
3701.8355
3588.0105
3434.3645
3359.602
3126.33
3001.486
2928.255
2732.652
2609.4955
2560.8975
2506.8
2279.7035
2174.5825
2065.5745
1712.494
1343.5485
1035.0815
810.4845
730.0985
714.4745
747.1195
787.7125
936.063
1114.729
1009.631
1749.445
2029.399
2402.791
2783.7225
3397.2485
4188.831
5004.7765
5557.556
6117.497
5966.9245
5728.2005
5215.103
4689.5885
4165.4315
3683.8075
3422.7125
3416.346
3537.1145
3891.5215
4229.2215
3924.885
4066.4885
3998.111
3956.424
3646.1045
3292.456
3960.549
4111.518
4009.1375
4154.6455
4254.9205
4244.1065
4417.1025
4333.1695
4168.2535
3997.472
3710.12
3309.89
2882.001
2567.149
2109.641
1721.886
1566.4065
1491.492
1492.409
1445.261
1381.771
1287.6905
1493.422
1398.5445
1535.864
1886.969
2395.2385
3005.133
3335.4275
3384.8785
3429.262
3635.4695
3667.3075
3708.574
3486.5165
3174.4015
2615.045
2158.632
2082.571
2304.1095
2203.417
2113.912
1980.992
1918.643
1645.027
1473.581
1659.1995
1876.7595
1731.086
2047.917
1898.173
2111.6115
1153.979
1984.325
3029.1535
3439.0045
3717.187
3836.748
3717.604
3652.7815
3338.2155
2763.3745
2426.0815
2254.534
2061.6635
1904.96275
1705.9955
1444.4705
1348.099
1195.1725
1091.0305
988.227
938.843
768.581
583.441
517.442
486.1175
447.584
435.168
420.719
372.787
364.434
356.881
339.6005
326.4605
305.447
304.3105
312.428
331.947
348.6245
321.6255
380.333
469.498
603.212
709.9225
869.038
1044.968
1180.9735
1279.1095
1390.135
1804.0845
1538.0245
2379.8145
1938.3685
2971.0325
3133.398
3334.569
3321.439
3052.5375
2666.6835
2688.3235
2838.396
2927.6945
2985.5945
2996.1755
2920.336
2927.6325
2814.8015
2637.122
2448.5325
2281.3595
2217.151
2156.768
2014.4045
1870.372
1796.258
1745.265
1753.0795
1724.413
1672.9685
1637.5465
1476.0745
1257.4175
1033.123
1013.345
1017.7625
1133.5
1293.6465
1442.2295
1669.05
1845.2495
917.124
2267.148
2596.7205
2963.7775
3281.595
3616.292
3869.137
4251.072
4350.2635
4352.869
4504.5675
4374.451
4299.9095
4016.2085
3458.5555
2764.2885
2291.3055
1827.158
1653.4045
1465.182
1128.3555
1110.0265
1045.9345
1125.8035
1157.182
1182.6565
1401.1165
1486.04
1324.0625
518.876
977.5625
1476.7585
1648.408
1678.4885
1650.404
1645.1995
1570.926
1558.666
1508.308
1581.3785
1564.7455
1397.5825
1389.2875
1364.9575
1232.044
1020.6315
865.0945
872.922
916.563
924.6575
941.236
998.661
1040.587
1004.9215
996.873
1028.3405
1006.15
1017.8215
1006.5335
1039.896
1103.3375
1136.18
1169.777
1195.888
1222.197
1169.57
1156.5095
1107.5205
1150.575
1113.82
1201.146
1217.866
1186.78
1159.9695
1135.7355
1027.304
910.003
978.883
938.2665
858.843
914.265
1056.646
1218.443
1329.108
1394.7275
1473.1265
1634.189
1829.342
1850.828
1769.751
1823.2295
1726.2025
1754.0305
1791.7825
1866.064
1764.357
1672.7155
1534.2365
1407.456
1215.9605
1057.7905
1037.9065
1017.101
1195.8475
1339.9785
1495.2405
1605.33
1900.941
2104.2605
1741.588
2347.807
2368.9975
2317.93
2480.8025
2796.534
2739.2085
2801.4715
2890.6105
2885.0185
3053.8785
3136.132
3250.57
3470.277
3464.3625
3315.038
3177.18
2963.575
2882.2415
3028.9355
3167.1445
3331.4535
3681.726
3883.7625
3830.364
3505.5645
3382.0975
3173.7515
3064.982
2881.682
2830.4335
2617.77
2376.238
2266.7565
2401.188
2134.38
2108.0195
2013.171
2222.8795
2163.442
2144.6285
2157.419
2276.832
2331.107
2218.75
2273.481
2297.1745
2591.0565
2850.087
2602.01
2574.414
2469.15825
2460.756
2259.666
2172.43
2617.77
2376.238
2182.4825
2957.121
2028.881
3100.858
3399.965
3598.95
2085.041
4209.64
4418.6425
4649.503
5112.0815
5355.044
5860.6565
5982.918
6326.4075
6023.548
6177.11
6000.904
5607.361
5548.528
5522.658
5460.681
5171.899
4678.39
4451.777
4339.8145
4273.6385
4605.14
4614.5725
4741.5045
4974.394
5532.267
5662.535
5714.364
5751.363
5751.311
5705.544
5490.0665
5479.7125
5390.071
5124.9485
4927.067
5098.1105
5360.3365
5635.657
5787.4845
5430.039
5076.922
4989.6145
5245.8505
5177.778
4994.67
4978.724
5360.4145
5819.7075
6077.2065
6221.3085
6378.6605
6561.033
6378.7585
6216.5985
5898.4685
5797.521
5802.9565
5807.88525
5972.293
5817.307
5671.8885
5384.778
5165.6395
5255.892
4764.087
4619.062
4187.004
4011.719
4024.7235
4339.428
4554.8695
4561.131
4522.599
4546.4495
4615.371
4632.978
4744.1625
4593.3805
4236.103
4076.3085
3931.275
3564.737
2834.148
2504.861
2571.6865
2658.0935
3004.711
3284.185
3520.3735
3822.512
3937.2015
3877.8385
3729.3785
3646.9885
3782.779
4033.0775
4389.96
4483.1945
4711.192
5070.9955
5084.6685
5188.6765
5184.5505
4829.0005
4556.34
4184.7895
3916.4875
3683.072
3407.6805
3300.47275
3301.297
3638.347
3727.936
3591.8
3644.525
3692.754
3607.8745
3509.4585
3583.786
3993.021
4706.8945
4980.712
4845.314
4915.2905
4899.875
4837.9395
4558.7815
4435.2045
4308.922
3856.9815
3519.0945
3338.4405
3246.5945
3181.88
3141.8935
3205.629
3159.884
2949.359
2742.563
2395.0305
2158.3485
1913.6665
1955.094
1975.5005
1713.856
1661.8805
1636.618
1796.4515
1906.8825
1945.8195
1993.9295
2055.3275
2231.0885
2313.036
2347.0895
2448.2165
2927.0515
3665.8025
4299.6565
4322.5615
3966.313
4000.1595
4066.9405
3124.329
4262.83
4339.4535
4525.0745
4563.887
4938.302
5593.2535
5745.525
6056.3185
5952.7665
5737.549
5648.334
5704.3385
5205.5035
4335.742
3629.2575
3222.4915
2996.486
3016.0535
3090.62
3186.465
3128.4405
3083.652
2939.411
2605.3235
2292.438
2088.742
2137.616
2368.693
2487.2235
2543.762
2646.4585
3060.622
3960.524
4180.5965
4380.447
4971.4055
5496.9365
5578.2025
5627.4615
5528.82
5172.896
5251.7665
5209.6895
4949.9745
4841.24
4530.4595
4441.329
4270.138
3971.7485
3694.869
3991.6425
4014.76925
3747.256
3658.842
3767.182
4481.025
5048.746
5956.799
6440.839
6277.6365
4400.494
6423.6815
6331.057
5948.408
5936.8895
6071.805
5575.199
4708.995
4325.7455
4242.508
4189.6685
4136.2685
3793.8705
4194.869
4647.969
5125.334
5558.657
6285.0695
6201.128
5485.661
4768.3495
4944.191
4288.395
6243.169
6972.414
7337.731
7121.807
6814.011
6650.255
6514.0095
5774.5675
4841.397
4242.42
4046.167
3866.096
3625.57
3474.356
3795.1105
3848.3785
4157.865
4303.447
4399.8625
4556.8385
4817.9715
4781.3545
4514.476
4272.837
4011.045
3659.0625
2934.799
2678.6495
2487.0315
2527.7765
2643.464
3253.9955
3592.1685
4006.0425
4033.214
4362.1895
4619.314
5113.091
5110.018
5336.568
6139.019
6221.9055
6347.56
6574.2945
6485.9945
6654.229
6667.304
6911.909
7067.989
7138.9685
6839.642
6249.89
5837.4495
6025.7415
6074.377
5670.309
5020.0715
4615.3745
4421.488
4419.4425
4200.7875
4596.63
4482.812
4294.302
4218.6195
4197.4735
4348.3325
4235.0095
4261.7855
4293.9965
4144.7055
3729.68
3359.271
3051.8665
2614.6505
2158.989
1997.361
1949.0975
1911.182
1728.943
1577.6655
1540.88
1468.2825
1476.679
1495.991
1565.978
1709.589
1823.763
1884.4815
2102.868
2309.056
2745.3645
3225.1795
3684.161
4043.5875
4394.408
4325.9125
5075.174
5235.4255
4993.5045
4821.8555
4785.866
4613.984
4452.329
4223.472
4183.1415
3870.0765
3614.6715
3521.61875
3438.573
3317.4845
2957.598
2537.794
2346.39
2154.909
2380.2735
2677.3895
2836.1705
2752.806
2818.954
2752.342
2492.351
1987.948
1521.2915
1386.683
1371.5775
1405.8615
1438.3515
1420.8345
1581.3705
1687.158
1713.243
1899.149
1946.4305
2146.2625
2465.5855
2882.2965
3623.2135
4298.73
4541.5565
4446.0035
4342.094
4089.7455
3942.968
3890.572
4704.233
5205.899
5422.233
5177.462
5010.249
4815.91
4076.5795
3555.4305
3471.258
3528.013
3468.582
3510.7725
3597.083
3616.371
4461.4745
4846.1785
4982.334
2049.625
5378.913
3859.568
5503.749
5122.518
4879.19
4791.1235
4787.3815
4414.942
3923.392
3535.6255
3686.795
3810.987
3966.12
3448.3605
2935.135
3022.7905
2929.1315
3200.706
3062.316
2814.7775
3084.704
4090.707
4114.552
4117.0815
3956.061
4426.2305
4915.668
4757.8215
4718.108
4458.3115
4206.5855
3798.796
3380.3145
3018.629
3075.0745
2771.541
2916.4325
2797.021
2706.4685
2362.8695
2265.169
1982.6165
2081.946
2081.942
2068.2315
1894.1125
1782.6425
1783.183
1681.7945
1750.916
1808.2025
1827.871
1787.5425
1772.904
1752.965
1677.008
1523.2985
1621.3015
1679.1545
1827.701
1844.65
1909.4265
2110.0855
2306.835
2624.1425
2863.9715
3142.923
3284.936
3518.18
3556.1265
3897.0565
4024.1655
3790.471
3556.604
3485.763
3387.809
3380.7605
3428.7595
3532.393
3919.6575
3872.401
4023.7585
3778.8045
3546.4565
2998.61
2706.1695
2971.029
2900.8595
2860.565
2068.834
2637.654
2985.8905
2814.4775
2799.008
3273.8535
3784.118
3976.126
4071.229
4036.679
3923.801
3667.3515
3725.705
3914.335
4039.52
4273.128
4513.717
4878.049
4336.268
3909.4785
3582.3055
3508.715
3666.681
3513.0415
3274.3445
3205.5725
2973.3145
2570.929
2365.689
2043.8235
1745.9065
1803.4985
1867.434
1963.2805
2157.484
2391.649
2542.472
2881.7695
3517.757
4210.011
4415.0525
4168.509
4133.4185
3785.35
3889.79
4019.8495
4251.54
4256.018
4352.0925
4330.2915
4271.172
4370.131
4365.9985
4804.3865
5515.826
5710.2385
5973.4445
5564.1815
5255.9085
5482.485
5809.2005
5903.373
6018.2465
6305.0965
5709.978
5290.2715
4798.9485
4381.796
3773.7885
3208.4045
2806.3115
2461.2945
2399.299
2201.6225
1931.934
1854.2345
2042.1315
2171.891
2535.0525
2643.471
3116.2145
3597.7185
3972.5575
4251.791
4156.5205
4403.301
4548.7835
4371.909
4083.414
3830.9805
3986.662
4072.0085
4052.541
3968.751
3738.0135
3651.3315
3905.3275
3694.762
3751.2885
3523.786
3738.3135
3752.025
4001.088
4006.394
3954.434
3961.4515
3858.6245
4052.3785
4195.7645
4536.8675
4560.677
3931.379
3501.6835
3243.2665
2958.5375
2650.2385
2419.401
2026.2705
1788.633
1627.649
1475.188
1360.783
1350.6715
967.855
1136.8935
1239.8155
1300.369
1314.4265
1425.3645
1698.51
1848.6475
1874.298
1875.8925
1814.6275
1689.452
1439.194
1434.9535
1355.8435
1253.1685
1203.5505
1234.5505
1248.2135
1381.309
1478.367
1510.315
1609.6655
1676.0555
1694.9515
1700.2925
1695.3975
1671.127
1763.991
1952.3365
2289.5155
2340.294
2518.5415
2722.784
2598.3305
2364.3715
2178.09
2155.897
2049.5105
1964.3485
1931.7835
1855.9405
1800.2645
1789.09
1953.23
1444.232
2295.3685
2567.8585
3066.0245
3453.8745
3653.059
3791.4405
3445.171
3194.016
3257.118
3727.075
4104.7315
4058.1135
3990.4565
4387.078
4558.419
4510.865
4316.3575
4340.1805
4108.951
3797.971
3597.477
3521.985
3460.8095
3459.7895
3313.7405
3159.413
3190.744
3517.9795
4434.9955
4206.577
4296.9615
4409.8855
4841.3615
4961.1525
4789.884
4744.1685
4880.088
5152.747
4758.984
4490.201
4051.5905
3783.44
3700.2955
3682.0315
3712.6265
3692.241
3599.9605
3584.6135
3584.508
3497.0425
3555.1925
3815.5425
4230.2605
4526.179
4648.409
4596.2105
4759.8535
4795.91
4622.603
4412.773
4482.373
4581.775
4525.437
4606.505
4450.536
4156.5735
3809.4525
3552.471
3349.4595
3220.1895
3203.8235
3219.9445
3160.928
3265.7775
3546.029
3665.932
3707.904
3628.3655
3386.2255
3493.541
3467.0105
3635.6025
3811.875
4021.0825
4064.491
4369.671
4391.982
4487.2615
4560.2775
4374.6295
4323.5905
4152.672
3827.436
3728.1965
3821
4041.189
4037.158
3834.102
3802.1445
4146.4675
4724.1355
4758.439
4983.71
5304.065
5501.5975
5714.1985
6320.1705
5926.162
5512.0735
5243.7945
4561.139
3645.793
3089.8605
2775.6235
2721.9085
2634.5855
2913.032
3437.476
4059.152
3800.208
3659.6045
3905.6945
4346.764
4856.569
5565.915
6137.361
6466.858
6643.958
6790.951
7011.214
7031.245
7059.5375
7019.888
7333.703
7512.5
7204.42
6857.6635
6647.299
6423.3815
5865.61925
5362.143
5017.045
4810.823
4520.636
3944.7595
3482.141
3113.7945
2831.065
2510.23875
2530.4915
2614.054
3102.838
3069.564
2884.8635
3139.333
4268.6005
5188.1465
5674.334
5103.438
5110.8075
5065.483
5095.2505
4980.699
4257.3355
4031.8715
3802.857
3796.7355
2387.0405
2600.1215
2120.8725
1746.472
1390.303
1134.1765
960.7175
919.682
978.0655
949.419
882.364
760.2015
737.723
730.781
888.143
887.1865
906.1315
912.5915
989.158
1101.11
1156.872
1241.9785
1226.836
1222.212
1187.008
1208.771
1205.859
1207.9455
1143.0165
1223.4925
1288.961
1313.4255
1412.0615
1370.61
1370.03
1288.4735
1243.988
1136.8565
1082.4855
1201.042
1231.9485
1385.2795
1852.0205
2105.4665
2519.42
2760.947
3020.1525
3028.2195
3137.651
3237.413
3346.771
3626.42
3770.742
3967.47
4474.9325
4767.0505
5023.276
5107.9435
5208.309
5155.3295
5355.885
5084.5645
4755.892
4361.118
4205.191
4418.352
4088.3065
3971.972
3747.134
3525.1915
3281.715
3036.114
2727.6535
2361.004
2171.807
1998.5175
1940.951
1917.7805
1285.3345
640.136
1386.4705
2132.82
2168.294
2130.65775
2220.7275
2124.8495
1991.728
1929.288
1787.3465
1847.33
1828.9535
1724.094
1631.505
1577.626
1333.677
1398.2975
1356.967
1317.0445
1209.257
1253.4385
1217.7735
1117.1385
851.9005
809.542
802.042
826.638
886.6695
942.956
938.996
847.2945
726.7685
801.5335
917.821
1049.412
1153.483
1488.082
1777.3855
1946.5185
2155.48625
2326.187
2307.022
2467.975
2655.108
3048.1995
3408.883
3599.997
2261.5775
3547.454
3658.895
3548.196
3609.3535
3712.726
3369.7605
2968.3495
2130.6155
1497.1775
1076.798
976.7015
1116.3085
1066.192
1166.549
1238.1355
1559.01625
1789.3205
2115.1
2276.4795
2514.652
2801.342
2994.3365
3201.6945
3441.0265
3511.6055
3431.3945
3658.8055
3573.338
3801.4465
3852.2585
3486.876
3274.832
3048.0815
3113.7955
3232.7545
3352.936
3241.987
3038.2505
3222.2625
2942.483
3011.1955
3346.349
3327.5805
3525.875
3530.2425
3577.7465
4010.3425
4257.423
3956.7565
4344.698
4796.2745
4924.0315
5293.275
5356.7985
5593.824
5723.279
5488.362
5111.311
5280.9675
5470.1195
5483.398
5411.333
5572.5345
5650.907
5471.621
5324.762
5170.183
4865.3265
4611.088
4564.792
4471.938
4316.062
4762.7555
5408.367
5837.3695
5940.723
6063.694
6039.1905
6074.2425
6046.2465
6326.085
6470.1135
6526.76
6474.079
6147.0705
5820.318
5243.4725
5262.271
5030.715
5168.362
5345.073
5425.545
5883.117
6227.763
6440.0735
7246.3295
7428.3015
7662.491
7814.506
7960.727
8081.0915
7863.7015
7690.492
7766.882
7765.322
7598.498
7689.192
7364.2715
6890.1745
6636.814
6182.822
6138.132
6033.0965
6021.6995
6235.3715
6178.368
5844.6805
5663.8275
5400.519
5333.7865
5501.144
5623.5915
5720.8175
5777.979
3783.9855
5824.999
5620.7225
5923.3645
5901.04
5822.185
5802.1565
5613.5975
5763.0805
5647.5605
5619.3095
5423.605
5323.507
5251.44
5306.133
5131.7705
3132.4865
4235.6555
4203.3865
2574.716
2341.157
3280.6455
3360.1845
3395.59
3503.936
3635.541
4038.189
4437.626
4585.9405
4843.8205
5014.217
5180.7215
5362.95
5114.899
5061.7145
4875.008
4739.178
4675.303
4503.9335
4353.4315
4467.52
4441.947
4524.213
4709.696
4814.5715
5186.3735
5765.9825
6364.6605
6495.7355
4414.7565
6460.8275
6137.4785
5894.5455
5751.9015
5534.9425
5592.1255
5524.145
5426.201
5521.3025
5741.0665
5799.509
5762.181
5699.251
5654.9315
5334.3105
5247.174
5095.984
4681.9505
4421.4555
4922.631
5201.824
5305.361
5129.3175
5000.7315
4885.542
4791.787
4571.489
4549.181
4886.395
4866.9105
4588.0615
4378.9855
2928.985
1619.179
1573.065
3801.762
2543.801
3360.1555
3210.985
3087.351
2920.697
2617.047
2478.9135
2300.553
2311.169
2337.975
2068.397
1857.1855
1655.229
1489.107
1513.761
1488.9955
1597.059
1778.0045
1935.2305
2117.9445
1654.5985
2349.304
2366.375
2444.312
2461.616
2558.157
2604.7825
2738.4135
2807.451
2668.5845
2461.553
2731.512
2818.3895
2624.977
2560.8395
2279.0775
1959.4655
2105.519
2250.897
2193.468
2119.356
2158.9055
2244.934
1942.1505
1856.6095
1837.574
1764.8695
1865.2455
1897.974
1612.288
2199.353
2348.1
2285.577
2155.544
1960.6265
1906.1575
1861.698
1802.021
1597.301
1429.5635
1503.3845
1572.975
1425.087
1392.736
1308.2985
1264.3785
1284.421
1398.5715
1517.1345
1621.305
1639.8195
1664.007
1732.402
1828.0205
2002.874
2295.309
2549.5755
2604.504
2097.1485
3200.7385
3457.829
3358.298
3305.7105
3221.716
3351.225
3545.7565
3302.825
2841.2335
2652.184
2576.3565
2357.127
1678.2505
1450.884
1356.667
1209.386
1154.46
1157.1415
1179.43
1213.448
1293.7755
1295.482
1233.927
1300.5845
1487.277
1759.5445
1733.5345
1753.847
1353.005
1726.163
2002.4035
2244.9785
2544.409
2763.2525
2688.251
2653.431
2753.8555
3024.806
3024.95
3035.8055
2927.919
2820.606
2592.2335
2451.818
2044.4135
1736.054
1593.2585
1287.021
1136.8965
1281.9265
1325.7165
1397.953
1639.1205
2150.287
2670.612
3404.904
4232.6345
3055.845
5010.6875
4751.5585
5077.419
5206.401
4845.44
4792.551
4607.742
4680.5195
4755.122
4856.5805
5084.009
5789.2435
6555.573
7362.5705
7372.486
7355.756
7447.8285
7215.1965
7248.5635
7172.8015
7177.244
7092.1265
6942.3705
6849.041
6397.955
5952.3655
5581.8495
5239.506
3572.716
4585.315
3307.5735
4505.127
4565.053
4740.208
5083.978
4956.736
4793.242
4755.994
5077.5015
4759.3485
4199.532
3603.7545
3314.689
3018.8195
2821.145
2748.5615
2828.611
2624.007
2576.1015
2406.198
2293.5535
2154.2215
1931.457
1328.511
1764.0165
1926.701
2011.2185
1508.9715
1936.648
1877.882
1795.6485
1917.145
1730.015
1525.23
1401.727
1321.279
1420.8595
1673.5985
1987.7245
2135.033
2244.7625
2479.3255
2940.0405
2847.4985
2916.0835
3088.1075
3197.8365
3113.4365
3008.623
3021.8815
3185.3525
3535.213
3862.7735
4415.0245
4762.001
4984.352
3469.0995
5020.641
5246.233
5687.0985
4022.0495
6006.285
6084.6195
4084.601
6252.2655
6601.507
6543.222
6686.7835
6292.8975
6214.9855
5799.156
5492.133
5092.835
5189.129
5505.729
5876.682
6458.5525
6836.814
6991.254
7078.968
6797.296
6618.9475
6529.469
6393.7255
5949.8325
5282.7725
4654.685
4244.4845
4265.8505
3648.8095
3383.473
2922.5035
2038.4895
2443.7705
2277.872
2276.6165
2488.639
3106.1865
3015.426
3302.811
3801.0585
3679.542
3640.4715
4088.902
4345.063
4537.3685
4302.751
4214.848
4517.8405
4445.8465
4374.6035
5084.1355
5800.6045
6281.978
6712.3735
6672.1175
6285.3765
5993.4075
5626.1905
5819.693
5852.4535
4053.392
5973.6195
6111.7675
6566.397
6485.027
6680.943
6968.944
6988.439
7143.9515
7512.031
7502.186
7591.8415
7531.847
7440.344
7540.8405
7651.7965
7683.854
7561.4765
6903.806
6128.586
5903.2125
5701.827
5462.7355
5087.886
4678.587
4475.783
4084.936
3656.102
3301.7035
2310.9
3180.7835
3541.2525
3313.482
3174.8655
3161.202
2773.86
2386.364
2470.769
2272.3275
2066.335
2209.3965
2321.6855
2327.31
2014.8425
1988.4245
2041.383
2158.326
1593.586
2160.149
2295.051
2298.548
2360.3785
2338.345
2228.6335
2191.3205
2593.822
2748.639
2839.752
2087.409
2695.433
2939.6755
3059.5975
3490.4365
3739.4505
4090.3845
4205.338
4302.46
4416.6945
4261.792
4078.665
3989.054
3889.1115
4151.6375
4331.1075
4302.182
4363.2055
4535.4585
4554.811
4839.9665
5271.897
5297.9055
5278.2115
5060.8195
4932.6295
4773.3845
4592.5615
4578.677
3189.9705
4380.0885
3901.724
3580.232
3684.244
3685.1265
3637.508
3719.1185
3974.9615
4277.27
4445.024
4851.7285
5044.778
4809.094
3326.631
3278.3995
4593.6805
4770.0405
4464.3925
3867.7145
3636.0395
3566.2115
3777.632
4272.609
4799.1715
4944.9665
5317.2975
5459.4985
5567.764
5413.1315
5516.4565
5372.2715
5156.397
5346.3565
5523.671
5889.6475
6244.488
6294.571
6420.538
6630.437
6807.5165
6791.086
6724.242
6535.279
4331.9865
6340.215
6437.864
6631.317
6498.3275
6258.3
6471.948
6146.433
5776.177
5455.501
5256.598
5329.135
5368.3645
5095.1055
4728.064
4555.459
4670.881
4612.9165
5055.0395
5116.4515
5164.4035
4958.2545
5209.909
5481.722
5616.929
5723.663
5885.2045
5639.474
4677.871
2704.811
3491.192
2811.6195
2325.9395
2104.9865
1793.8555
1509.0985
1404.143
1568.045
1709.5565
1782.284
1939.0435
2077.768
2040.306
2122.144
2210.15
2441.857
2551.048
2657.6925
2569.7325
2482.097
2410.076
2464.1925
2374.009
2485.7195
2596.434
2809.932
2981.0005
2896.2945
2034.389
3060.3905
3288.8515
3410.124
3584.897
3672.2495
3605.734
3546.349
3491.615
3582.469
3659.825
3585.9855
3521.144
3735.2055
4109.8045
4453.879
4643.4605
4582.812
4596.849
4543.7595
4895.037
5097.2895
3265.58
4274.8575
3790.002
3814.6505
3602.741
3600.011
4007.4455
2866.5895
4122.871
3913.2535
3731.3235
3650.68
3336.687
3206.789
2996.561
3053.8505
3393.34
3496.992
3502.138
3249.5855
3111.6455
3267.8965
3373.623
3323.7205
3282.0595
3446.783
3894.7595
3980.133
3984.5275
3638.0125
3516.873
3572.5835
3809.116
4096.5155
4005.1035
3829.5345
3016.5735
4612.743
4909.3145
4552.7265
4774.0345
4664.897
4594.7405
4873.03
4946.3375
5162.751
5245.817
5277.048
5163.856
4951.8205
4806.795
4994.563
4908.3155
5044.563
5139.8125
5260.937
5494.902
5692.993
5720.173
6084.7605
6224.996
6313.943
6525.7395
6573.2915
6525.79
4314.2995
6500.218
6452.1765
6308.6595
6078.994
6045.3405
5606.416
5528.5535
5555.1295
5716.1995
5816.643
5862.0235
6056.3415
6071.282
6156.878
6007.783
6030.3805
5981.6495
5924.7645
5956.862
5780.9045
5788.434
5800.725
5994.079
5696.586
5536.982
5187.4645
4764.0185
4561.368
2555.7945
3610.102
3195.5125
2583.493
2414.0735
2230.853
2239.1115
2218.7325
2310.964
2364.421
2157.938
2052.9825
1944.3175
1803.6795
1707.8365
1627.617
1664.5535
1668.579
1747.62
1833.428
1816.707
1907.2405
1924.2935
1943.3215
1901.6685
1823.921
1756.085
1690.6075
1664.8975
1231.727
1693.1155
1738.4595
1788.667
1962.779
1999.359
1947.917
1849.396
1782.2565
1739.879
1695.9485
1618.429
1544.0445
1695.6725
1862.717
1975.6685
2002.6995
1888.055
2004.623
1994.457
1910.8745
1805.389
1781.7845
1685.629
1689.744
1783.672
1788.6705
1886.0265
1890.673
1454.0905
1890.258
1875.574
1826.5165
1745.8415
1680.227
1648.658
1632.8215
1802.817
1810.546
1805.4955
1861.813
1801.9655
1830.366
1810.5055
1782.077
1736.4975
1738.9645
1301.836
1768.69
1926.9325
2015.1875
2178.1505
2287.049
2442.377
2681.082
2838.225
2994.0205
2864.2555
2148.694
3016.3255
3032.5115
2984.532
3065.24
3134.3065
3157.6005
3065.146
2933.9025
2860.371
2637.3465
2495.7675
2428.963
2351.241
2009.6385
1923.184
1751.626
1560.417
1564.6405
1582.904
1604.6185
1677.4955
1498.9765
1318.2215
1202.1515
1161.874
1058.2725
1038.309
1106.0245
852.8485
1226.013
1198.55
1229.0025
1393.313
1791.772
1990.9535
2226.9105
2387.404
2605.0895
3036.389
3545.461
4029.738
4786.543
5477.205
6031.8445
6419.494
6807.388
7189.3345
7455.3655
7445.519
7420.3375
7492.008
6998.0115
6690.078
6211.06
5645.8855
5006.4115
4776.7885
3191.041
4510.8005
4489.966
4852.441
5051.9215
5598.064
5788.586
6288.0495
6672.901
7042.152
7323.8845
7317.999
5137.792
7884.931
7870.796
7440.516
7537.3045
7534.3515
7513.2205
8053.964
8202.9215
8154.929
7630.6625
7409.846
6897.9985
6117.836
5743.8045
5767.403
5754.803
3897.3185
5865.1925
6062.744
5308.9955
5158.4615
4986.073
5627.438
6070.4575
6093.5725
6413.5555
6367.4065
6793.9555
7255.2165
7323.0045
7485.263
7539.998
7525.98
7537.9845
7171.3005
6729.333
6338.24
6301.6775
6300.9245
5966.8965
5854.9035
5561.878
5497.45
5846.4485
6528.686
4485.6975
7133.1095
7241.6655
7397.8265
7531.373
7398.201
7482.017
7363.878
7278.2965
6979.4985
6996.4695
7115.8425
6309.8695
5853.4605
5592.5825
4654.2315
4090.541
3852.451
3456.8675
3025.068
2856.91
2556.3895
2632.935
2683.708
2674.1615
2747.1275
2770.599
2818.9325
2509.502
1790.921
2622.18
2410.5945
2203.956
1983.569
1764.314
1584.049
1596.688
1606.707
1516.354
1542.1455
1480.1635
1474.701
1578.5465
1648.19
1694.6565
1806.43
1873.274
2022.854
2130.0185
2217.7585
2337.797
2497.152
2621.0815
2671.8735
2728.137
2807.9855
2931.794
3059.948
2144.5485
3321.6685
3787.8555
4322.234
4372.09
4690.355
4404.7405
4959.267
5722.8835
5559.124
4881.218
4414.937
3846.8715
3420.0835
3266.2605
3245.236
3004.13
2884.222
2790.001
2696.766
2620.2165
2436.333
2352.2075
2207.384
2081.281
1974.959
1856.08
1817.562
1705.918
1273.8425
1551.142
1460.527
1334.0625
1224.532
1162.2675
1134.625
1153.666
1156.6395
1137.13
1160.883
1084.888
1038.891
999.4275
993.678
971.173
960.223
925.3815
945.4705
974.322
990.3695
980.71
1075.662
1193.219
1370.855
1454.5535
1644.721
1712.948
1870.3705
1435.3925
2644.432
2931.893
3317.78
3537.9505
3624.5665
3969.065
4071.5065
3855.25
3365.9085
2821.853
2491.6945
2275.001
2180.017
1965.038
2152.38
2100.32
1827.952
1573.1025
1541.1085
1629.233
1804.766
2006.49
2389.1975
2900.0765
3459.4235
4163.371
5209.097
5444.564
3974.2895
6182.6645
6645.792
6961.239
6808.8675
6684.498
4244.2285
6060.9875
5719.406
5253.3995
4737.9435
3783.1935
3165.69
3406.228
3543.1355
4293.5545
4860.1825
5002.2625
4386.841
4652.7085
5255.948
5591.873
6575.946
6797.423
7170.1135
7460.936
7716.1105
7758.603
7877.163
5310.022
7636.9665
7783.3815
7963.4205
7941.55
7769.4755
7214.4145
6879.559
6552.975
6527.7605
6382.304
6266.625
6004.459
5875.515
5918.909
5668.3305
5633.877
5855.0055
6194.3965
6715.946
6967.5445
6683.3525
5805.6275
5429.82
4774.3385
4513.8735
4601.8185
4614.6135
4658.891
3390.0345
4513.0265
4449.8585
4371.27
4270.015
4129.4675
4203.743
4217.1205
4414.335
4476.331
4677.9645
4851.772
4828.95
4728.26
4671.9995
4632.1845
4463.7955
4352.229
4332.964
4225.775
4050.4715
3842.0735
3613.588
3603.11
3664.634
3777.6125
3771.793
3679.021
3605.654
2404.7465
3619.3625
3554.9745
3313.5205
3196.11
2933.7465
2720.9445
2358.7145
2062.569
1856.7575
1605.072
1403.981
1306.311
1173.689
1079.6565
979.7055
937.9905
974.0505
999.418
1136.4105
1255.5755
1380.388
1474.4195
1623.291
1715.6885
1815.755
1774.899
1848.41
1925.113
1407.3755
2201.0225
2388.25
2607.0465
2778.733
2983.167
3142.5265
2945.503
2996.318
3183.5805
3250.5695
3289.0015
3481.6055
3851.8435
4136.5515
4189.6995
4177.673
4211.5125
4198.317
4187.424
4158.689
4256.4855
4314.5795
4111.174
3859.1835
4058.4905
4251.0995
4436.264
4764.8285
3411.62
5477.9455
5747.499
3947.4505
6065.4655
6326.2995
6536.3825
6759.885
6787.898
6774.0765
6964.0545
6888.904
6908.441
6973.9945
6622.0475
6655.115
6777.7715
6817.6825
6458.293
6248.985
6780.7825
7178.883
7306.8995
7294.3425
7406.7315
7429.2445
7212.3125
7183.2185
7088.675
4728.0015
6855.9665
6801.7635
6673.101
6629.248
6257.6615
5785.995
5444.1805
5243.5525
5240.3225
5024.799
4763.0825
4957.557
4892.579
4857.825
4995.116
4954.7695
4946.0405
5054.921
5203.2195
5558.8205
5536.671
5534.206
5558.3605
5705.3165
5991.9385
6442.245
6645.682
6665.8325
6846.082
6491.586
6275.5105
6055.897
6021.1975
6020.5575
4006.207
3948.6885
5818.942
5733.8255
5980.967
6130.734
6767.7985
7348.929
7705.6515
7926.046
7911.435
7859.6735
7740.3615
7487.9875
7178.8575
6857.27
6776.236
6667.329
6471.476
6173.113
5744.7505
5635.615
5557.653
4174.6375
6176.349
6099.6025
6138.3245
5954.6875
5470.792
4822.391
4439.7695
4507.901
4277.424
4156.452
3973.085
3733.5335
3446.108
3248.505
3392.4975
3076.981
2985.149
2960.175
2814.878
2769.2855
2731.446
2726.646
2660.45
2703.531
2607.073
2582.1905
2483.524
2392.463
1657.051
2359.5665
2387.699
2610.5585
2944.9155
3523.777
3956.2945
4489.4555
4862.343
5539.248
5878.8445
6484.4965
6499.338
6803.3365
6892.7135
7029.1955
6672.8235
6316.7955
6073.413
6020.129
5893.9945
6156.644
6151.163
6112.0505
6137.211
6995.2995
7324.937
7474.1805
7928.891
5366.3205
7764.6975
7095.338
6155.0135
5445.1815
5040.1895
5005.1725
4720.694
4416.0975
4172.8185
3799.506
3529.1595
3443.45
3191.9725
3142.1645
2948.958
2886.2255
3022.728
3229.261
3443.109
3628.2115
3731.619
3995.305
4210.994
4471.4425
4829.988
4891.5615
4680.016
4805.742
3309.393
4647.183
4647.5085
4487.382
4176.259
3770.297
3401.5585
3265.078
3151.455
2950.613
2886.1205
2969.487
2847.628
2722.4155
2661.1395
2912.8555
3151.372
3235.5635
3482.6335
3742.545
4118.101
4212.5265
4204.35
4065.906
4006.0395
4107.23
4268.738
4149.2755
3950.447
2634.3575
3390.5635
3196.8745
2737.477
2603.0475
2372.451
1619.7795
2140.993
2021.6395
1999.954
1893.1295
2002.553
2087.826
2202.5385
2391.072
2626.7065
2924.7525
3241.841
2975.268
2931.0365
2999.929
2699.407
2703.3605
2544.6035
2691.368
2776.4485
2880.556
2997.657
3195.6365
2196.9455
3345.4075
3534.061
3652.8635
3708.507
3769.178
4059.424
4012.41
4175.567
4211.7225
4293.292
4352.1225
4281.6015
4175.42
3831.5925
3722.9705
3574.3675
3398.52
3237.252
3054.7165
2700.077
2382.42
2092.9485
1777.017
1523.747
1120.8145
1258.5195
1167.5895
1122.7215
899.973
1265.8555
1292.929
1348.4575
1364.4005
1311.8515
1184.6945
1344.1055
1394.2945
1300.6395
1278.2355
1282.026
1178.4115
1195.3905
1143.358
986.8225
973.588
916.917
893.695
841.459
825.719
829.968
825.0175
865.3465
962.6435
1037.2535
1164.5985
1258.6525
1265.4165
908.6175
1204.47
1397.2565
1576.5285
1637.6465
1741.6355
1739.7915
1652.8705
1582.7625
1486.899
1564.4195
1643.7205
1661.5675
1689.267
1666.7815
1634.273
1668.9075
1665.1665
1815.223
1818.4235
1902.1995
1976.445
2047.434
2130.237
2057.1575
2136.2775
2308.8325
2448.85
2608.5675
1799.744
2904.93
2965.8895
3017.186
3009.496
2738.062
2779.092
2712.0845
2799.0405
2848.6655
2681.226
2557.473
2530.287
2522.2875
2368.465
2452.757
2654.506
2739.384
2671.026
2772.4185
2696.6155
2659.194
2595.8185
2417.168
2435.686
2280.7045
2285.486
2373.897
2279.1705
1594.1515
2526.8175
2611.067
2606.542
2297.416
2078.118
1924.0855
1727.349
1608.677
1519.358
1447.7225
1603.534
1541.285
1391.986
1258.002
1254.335
1151.234
1135.394
1012.076
977.6025
907.669
804.0215
800.6425
921.577
1167.0665
1335.335
1548.1445
1860.178
2147.242
1698.3905
3139.914
3266.1605
3433.9965
3806.9225
4076.8575
4390.5665
4499.1845
4665.927
4416.223
3803.278
3115.563
2126.862
1604.9385
1379.1005
1525.033
1800.0215
2335.8375
2758.823
3174.975
3880.1605
4682.658
4911.3645
5189.514
5381.4135
5360.817
5383.998
6015.1695
6325.727
4443.556
6360.4595
7188.29
7237.6655
7193.592
6783.8715
5851.113
4724.532
3585.5445
3122.5635
2482.2355
2213.882
2024.7775
2150.7265
2195.9695
2371.37
2324.0505
2543.5755
2678.2555
2956.0575
3503.6235
3862.9865
4326.058
4672.442
4668.874
4605.428
4808.7585
5212.816
5340.1525
3489.252
4960.263
4627.101
4304.1745
4173.6455
3734.894
3612.766
3736.626
3833.408
3864.2385
4078.322
4500.2895
4683.0845
4604.579
4658.166
4783.729
4864.0645
4911.8845
4997.58
5179.3615
5181.1315
5506.2655
5694.835
5748.782
5861.972
6181.382
6287.695
6556.0525
6762.503
4353.86
6735.8915
6607.559
6469.7445
6340.673
6232.424