8778.3715
8745.3315
8531.172
8482.462
8322.126
8108.915
7642.036
7315.624
6717.691
6280.732
6152.01
6037.4985
5837.4785
4990.663
5188.766
5451.0135
6285.4615
7245.1795
7331.461
7717.4655
8290.3295
8083.4085
7883.385
7751.738
7330.645
6717.7885
6020.3735
5146.9975
4719.341
4531.392
4710.23
4945.3265
5534.5785
6290.159
6630.155
7038.686
8176.043
8406.0285
8679.8925
8610.135
7146.837
7108.7715
6809.1285
7212.157
7703.465
8178.289
8076.967
8009.822
8070.638
8357.1065
8593.091
8494.2065
8591.0635
8578.881
8383.323
8286.9285
8592.631
8845.817
8892.526
9161.9925
9001.0745
9143.763
9170.312
8771.841
8705.8255
8369.883
8287.6705
8315.682
8391.185
8298.2245
7928.855
7379.7965
6560.085
6092.7705
5235.457
4586.3925
3843.0465
3715.3505
3671.644
3353.8115
3272.7655
3283.502
3536.8335
4240.992
5525.789
6149.3615
6207.299
6309.5285
6489.206
6625.4865
6509.2395
6302.853
6048.691
5734.1805
4837.5795
4223.94
3615.9915
3142.3075
2745.78
2674.326
2418.943
2425.2875
2548.5285
2630.595
2240.2905
2113.364
2340.3265
2430.5575
2514.5465
2681.595
2838.9555
2997.1265
3072.8795
3255.5175
3635.327
4077.2885
4033.951
4038.7385
4266.732
4317.8755
4520.024
4776.385
4911.7565
5565.596
6135.8195
6525.285
6570.3605
6635.8635
6752.74425
7096.0265
7005.163
6800.6015
6553.3675
7009.1805
6970.0635
6917.8565
6588.223
6284.8125
6318.4515
6200.719
5884.2295
5378.8955
5094.619
4938.4965
4805.5555
4708.4655
4568.648
2903.398
4519.691
4567.774
4664.462
4560.4535
4391.425
4316.174
4304.1695
4210.271
4388.415
4451.1755
4495.7485
4666.1855
4763.9055
4998.896
5158.2195
5204.791
5374.2525
5607.685
5808.938
5933.049
5892.731
6244.368
6564.7385
6639.8605
6815.7715
6871.866
6803.0705
7078.0395
6984.543
7191.116
6983.25
6969.5915
6890.8145
6583.6715
6526.7245
4363.0655
7268.7635
7323.8255
7610.05
7541.648
7406.6205
7354.2825
7081.403
6679.5105
6540.5375
6469.993
6283.8245
5957.2225
5478.2275
5536.914
5472.94
5515.934
5605.9465
3637.745
5833.439
5746.041
5742.5595
5758.5195
5978.136
5941.6885
5886.9055
5828.476
5596.4795
5654.5865
5745.3485
5724.8525
5369.046
5128.7585
4929.3535
4732.049
4165.4185
3784.5505
3231.145
2939.5395
2688.8885
2558.5245
2288.3415
2040.073
1835.3315
1537.294
1369.615
1275.018
1169.457
1089.669
1064.706
1057.765
1079.6255
1128.1035
1076.2575
1070.0045
1111.068
1125.599
1129.8235
1176.1225
1249.235
1242.9895
1218.7395
1208.7205
1177.405
1103.65
1029.3115
881.9115
901.4615
849.809
731.399
744.4055
668.873
676.9525
612.886
727.43
794.288
774.8105
838.0555
961.701
1188.367
1412.0705
1528.405
1600.8675
1828.454
2044.925
2436.604
2595.6295
3034.2465
3370.6315
3694.7245
4250.2665
4529.422
4778.341
5115.567
5306.2785
5482.588
5524.84075
5647.406
5920.6425
6482.93
6644.5035
6693.317
6682.6515
6938.557
6907.499
7105.1965
7425.622
7299.9265
7081.9965
6757.5165
6878.356
7159.1445
7445.267
7837.163
7872.17
8199.6005
7964.8005
7672.2405
7765.101
7397.2635
7186.032
7142.1175
6884.6395
7016.0825
6897.6975
6872.925
6697.0745
6536.8835
6160.864
5904.4195
5818.412
5669.472
3608.815
5803.885
5966.8705
5973.083
6050.2675
6721.148
6929.134
7108.725
7230.351
7243.2125
7416.1975
7231.7195
7018.2845
4719.1655
8008.1955
8308.084
8557.265
8731.711
8693.77
8530.997
8297.8795
7662.594
7651.755
8371.107
8997.147
8798.107
8239.5085
7667.045
7337.9675
7378.7615
7342.5215
7282.0545
7453.856
8204.888
8633.0925
9105.4935
8995.8015
8936.943
8599.078
8602.588
8810.5735
8390.3635
5693.0655
9013.668
9185.7195
9156.788
9015.6595
9283.132
9384.7925
9313.6055
9310.498
9374.3025
9631.1435
9547.803
9958.0035
10008.185
10048.268
10203.859
6751.7765
6682.7365
10092.3965
9864.1815
9498.493
9521.386
9464.435
9303.8505
9217.8375
9246.0975
9215.6285
9255.4665
9509.9935
6278.252
10297.4075
10579.1945
10560.7805
10768.214
10601.4625
6829.768
10952.176
10814.836
10572.3875
10858.9805
7029.791
10751.5385
9927.065
9643.0265
9099.792
8628.304
7667.0905
6645.165
6405.4295
6280.083
6044.736
6131.4645
6387.7335
6556.9365
7140.5795
7463.28
6567.8825
5535.9645
3860.0205
6468.5865
6681.9175
6556.26
6558.4835
6606.624
6292.535
5884.918
5375.7425
5339.313
5418.3935
5594.28
6023.102
5862.7705
6562.09
6459.7225
6703.2735
6692.8675
6656.93
6538.849
6868.971
6904.625
7071.5545
7199.131
7338.837
7255.8175
7008.892
7182.5625
7490.7215
7529.9245
7283.976
7153.3675
6934.214
6705.94
6438.128
6594.847
6742.944
6586.498
6614.4985
6411.392
6691.6075
6629.255
5964.3265
5240.344
4585.4145
3469.659
2698.883
2180.784
1739.6685
1315.6905
1104.468
1148.203
1192.8755
1289.1745
1384.1865
1599.4345
1759.6085
2008.5605
2203.0275
2362.368
2480.411
2431.8985
2267.4795
2430.2145
2174.365
1977.3285
1697.0625
1538.675
1272.713
1209.743
1232.3585
1899.2075
2698.793
3426.747
4235.7165
4814.072
5527.0275
5884.051
6439.9025
7423.556
8124.6465
7619.779
7061.406
7082.558
7538.6625
7542.3
7202.8665
7093.213
7520
7917.681
7448.793
7436.2585
6841.441
7039.7625
6882.8305
6834.5385
6954.467
7127.6135
6932.966
7163.9905
8147.399
8210.7345
8624.8205
8599.5805
8193.446
7628.97
6913.5315
6416.102
6177.6
6366.475
6345.0415
6497.969
6662.6365
7433.046
7418.427
7911.7705
7951.7095
8117.6785
8123.1475
8503.161
9073.692
9480.6275
9792.5655
10256.17
10606.289
10739.5155
10763.0125
10536.6245
10534.0485
10291.44
10384.303
10466.459
10098.5165
9695.1005
9523.15
9400.571
9467.3355
9102.1645
9044.0845
9048.26
9507.191
9276.0645
9407.676
10094.079
11018.21
11194.879
11359.0425
11204.5975
10928.38
10846.8125
11375.262
11490.169
10957.994
10229.26
9721.413
9539.3815
9900.3105
9821.8735
9780.0745
9666.232
9559.283
9499.715
9301.702
8980.9925
8649.091
8426.1855
8070.9975
7690.3835
7683.818
7527.5775
7192.766
6901.699
6687.2835
6189.461
5646.6025
4749.1865
4349.0355
4074.5285
3938.769
4026.1985
4079.0095
4088.652
3928.375
3463.4355
3400.6765
3355.765
3233.979
2809.828
2407.5045
2159.6015
1864.9985
1698.352
1508.2735
1369.8795
1186.6645
1090.599
1094.417
1053.39
1184.5865
1319.149
1485.7935
1589.6785
1886.9035
2138.181
2451.36
2978.6455
3700.4145
4407.44
5210.4575
5489.0695
5877.012
6413.4515
6847.0425
7176.558
7595.251
8043.6075
8294.06
8590.915
9055.228
9588.4055
10079.013
10670.674
10581.075
10431.063
10253.1305
10325.2415
10561.6355
10772.599
10407.678
10268.7855
10028.553
9452.587
9024.6475
8659.151
8527.2525
8320.038
8072.054
8094.505
8189.2515
8346.575
8859.95
9087.076
9429.0215
9703.971
9943.281
10199.567
10355.3505
10300.2565
10048.4955
10017.9875
10074.9365
10126.3605
10155.651
10160.836
9969.026
9580.797
9413.2985
9433.047
9454.243
9603.9245
9720.307
9450.916
9239.567
9094.2065
8955.8615
8799.4515
5135.117
8290.301
8769.896
8962.9315
8969.381
8428.6695
8074.9755
7243.7235
6722.4736
6261.9624
6173.334
6030.6915
5371.7325
4971.573
4687.401
4483.927
4346.2625
4356.256
4323.968
4194.4685
4390.1555
4622.2235
4784.0545
4578.5335
4690.1435
4938.1505
5222.1955
5669.096
5687.7795
5728.43
5484.389
5801.3135
6452.9955
6889.6445
7355.2655
7357.117
7454.777
7891.129
8106.1465
8239.1615
8455.709
8784.827
8996.822
9192.092
9095.036
9029.561
9153.576
9226.0315
9160.0375
9272.436
9515.872
9652.6375
9678.541
9669.7635
9207.546
8686.724
8081.0295
8201.904
8048.5325
7879.9975
7757.5535
8387.897
8663.63
8754.5865
8705.3865
8665.5755
8556.49
8682.2605
8933.035
9047.424
9182.049
9303.731
9449.3365
9699.506
9835.318
9965.9845
9850.1045
9748.884
9732.92
9465.7665
9384.496
9495.395
9596.1935
9625.7745
9517.874
9362.857
9148.3725
9100.965
8931.1835
8585.712
8326.386
7829.6655
7530.69
7065.3645
6215.943
5527.881
5128.419
4820.1665
4388.407
3809.421
3476.072
3294.1955
2595.4415
2188.1885
1926.3935
1716.88
1404.225
1398.85
1384.014
1366
1434.743
1473.601
1593.727
1635.6995
1341.36
1325.6995
1199.8915
1131.6845
1148.2365
1497.399
1887.6375
2307.509
2385.321
2505.9915
2547.353
2578.025
2552.3265
2503.6535
2734.7955
2758.476
2743.068
2859.9775
3040.385
3241.5905
3294.927
3607.8745
3427.8585
3421.418
3304.732
3102.4325
2860.599
3135.3
3169.0235
3241.6675
3160.8825
3123.0165
3192.781
3333.4975
3267.874
3318.905
3149.724
3000.9785
2970.317
3275.2035
3218.296
3145.1775
3078.4935
2919.2915
2944.3615
2973.0045
2826.895
2951.528
3028.8955
2827.1025
2656.105
2876.178
3058.504
3119.006
3192.1185
3203.427
3066.624
3031.258
2836.231
2923.801
2961.8215
2920.02
2756.331
2667.086
2593.3295
2682.8925
2592.523
2547.542
2474.16
2302.2945
2240.9335
2222.8805
2319.036
2609.6155
2799.039
2956.499
3208.438
3415.575
3382.761
3916.9375
4335.873
5143.732
5371.007
5442.0265
5415.2635
5129.7825
5000.103
4636.725
4668.0445
4707.372
4529.9095
4649.66
4482.624
4326.355
4357.7505
4417.6855
4103.1375
3478.283
3126.1785
2786.996
2627.8245
2393.3295
2234.482
1955.309
1924.6595
2000.007
2319.495
1936.839
3188.698
3632.966
4157.369
4657.3825
5139.9925
5490.377
5463.6885
5245.3515
5075.8445
4626.6365
4464.3545
4373.0735
4314.1125
4077.237
3940.9655
3691.014
3807.095
3951.568
3853.7685
3859.8495
4100.1015
4380.52
4574.9045
4417.508
4219.7805
4392.3935
4717.869
5215.2465
5618.8865
5880.411
5915.189
5964.6925
6026.9655
6022.6045
5944.025
5875.85
6470.3105
6700.105
7226.762
7565.711
7529.241
7296.871
7371.517
7106.7065
7206.4005
7344.3205
7325.0955
6958.755
6556.6045
6306.7555
5734.8995
5544.0275
5289.671
5068.527
4826.8155
4731.3845
4879.1125
5271.8275
6385.23
6823.48
6645.092
6521.7835
6410.4655
6700.2535
6747.373
7692.2025
8116.7645
8026.447
7954.422
8034.9095
7544.3215
6887.401
6474.0495
5881.268
4981.6165
4982.228
5607.774
5512.7585
5870.066
5959.2705
7072.2895
7693.3445
8104.9895
8199.946
8283.54
8324.714
8311.0565
8214.928
8043.4925
8136.133
8378.975
8674.0375
8938.9875
9142.916
9354.73
6402.4295
6369.307
9230.127
8607.4785
8197.2925
8344.105
8270.5635
8261.397
8200.9485
8100.379
8105.168
7927.3415
7690.54
7554.8925
7598.1475
7338.1595
7238.001
6986.3875
6795.7545
6679.134
6525.419
6166.3095
6149.3405
6420.7255
6173.0875
5759.1035
5468.9565
5839.7745
6513.048
7113.8535
8056.7925
8288.9675
8522.948
9015.1275
8793.147
8517
8973.9325
9108.081
9181.8125
9382.6325
9278.3265
8785.402
7896.2355
6722.087
7405.7305
7374.044
7050.3685
6290.523
6238.7845
5891.5165
5545.042
5037.8595
4753.5165
4584.976
4602.2605
4541.075
4538.419
4397.2395
4422.972
4918.4215
5795.2415
6417.3435
6829.2855
7155.8315
7816.2555
8540.901
8568.91
8825.151
9250.969
9820.9765
9998.1325
10331.535
10400.3875
10457.064
10070.1815
9173.6715
8545.1085
7941.7235
8082.362
7805.5075
7834.9605
8379.7875
8427.707
8235.4995
8069.0765
8268.2685
7908.6755
7563.78
8005.461
8814.28
9136.875
9189.4235
9855.4045
10076.147
10228.7115
10182.835
10164.819
10019.1935
9393.7375
9010.7775
8465.064
8915.0455
8720.599
8703.004
8595.657
8661.1045
8501.272
8284.622
8168.232
7666.857
7097.142
6612.1025
5843.805
5592.388
5295.3435
4765.735
4181.821
4143.8915
4451.9485
4412.248
4394.2965
4256.5415
4462.399
4677.595
5263.542
5659.629
6185.811
6093.9405
6213.955
5944.4285
5457.27
5085.947
4867.0555
4392.5925
4080.5785
3371.07
3118.8205
2773.197
2544.05
2452.5055
2498.8435
2691.279
2869.7765
2761.392
2535.884
2240.307
1936.0885
1781.7305
1804.067
1732.794
1652.508
1576.5005
1594.9535
1491.348
1397.946
1376.5135
1403.0745
1390.697
1372.277
1349.588
1312.486
1372.0855
1492.528
1519.2965
1532.6835
1682.1625
1775.49
1709.375
1703.2725
1832.7525
2158.0575
2320.926
2356.0625
2402.024
2451.5745
2594.583
2497.748
2388.473
2413.3945
2537.764
2477.4015
2492.327
2430.208
2389.023
2551.951
2581.3875
2411.5755
2307.867
2194.785
2095.6305
2247.935
2347.2555
2166.8715
1819.0285
1544.019
1384.875
1253.9705
1248.54
1343.542
1737.45
2240.043
3352.292
4337.1525
4408.9075
4332.456
4431.423
4268.0295
4448.0045
4696.8295
4863.304
5222.174
5242.091
5188.087
5144.126
5070.521
5758.2225
5992.8835
5707.6015
5099.787
4060.2615
3398.146
2858.0495
2548.868
2440.951
2410.678
2137.743
1863.734
1574.431
1087.5705
1209.8715
1218.451
1225.3645
1186.3235
1083.903
1015.634
1054.547
1053.7545
1030.424
937.9555
839.3365
814.6975
897.995
946.4285
967.585
998.9415
1167.8015
1470.371
1776.245
2159.0405
2443.313
2554.4585
2476.0835
2483.558
2583.304
2719.1805
3061.788
3307.2295
3526.9025
3692.268
4047.145
4210.838
4209.979
4532.4335
4495.9595
4251.2245
4079.253
4002.01
4136.868
4240.691
4390.9805
4496.458
4648.783
5018.871
4883.4835
4844.903
4916.743
5057.134
4971.4115
4481.4935
4388.738
4579.2325
4986.4355
5217.443
5334.925
5959.1895
6480.0515
6818.2465
6874.908
7232.497
7214.8555
7386.651
7614.711
7731.549
7798.3245
7765.73
8156.571
8240.2915
8160.9245
7927.7555
7745.768
7610.377
7481.446
7329.1065
7359.288
7265.41
7429.379
7514.1315
7533.746
7854.437
7917.5625
7582.441
7326.8835
7124.895
6861.6355
6603.876
6464.312
6864.4745
7373.093
7445.864
7731.6735
7810.339
7786.923
7573.9285
7340.6225
7138.2135
4331.451
6554.214
6404.944
6336.6705
6170.1495
6176.889
6103.244
6184.6325
6191.0065
5946.1675
5487.278
5376.7485
5457.8165
5492.2805
5686.4285
6123.4765
6599.179
6826.3345
6847.534
6974.616
6952.3835
6891.807
6535.775
5924.8475
5275.3145
5276.4435
5302.7715
5427.5785
5670.9205
6098.86
6397.902
6269.928
6484.097
6478.577
5656.8535
5066.2675
5023.0505
4586.1565
4274.371
4067.69
4073.715
4117.0155
3730.602
3692.3995
3690.017
3538.6045
3564.9345
3593.521
3746.865
4008.8525
4139.6745
4470.687
4749.058
5067.2695
5149.7445
5831.003
5690.109
4973.229
4853.3105
3405.0065
3321.9015
3479.2425
4636.4745
5090.7255
5159.72
5126.4135
5350.706
5649.7155
5830.7055
5670.6145
5828.5285
5693.8195
6218.827
6764.597
7519.59
8127.5255
8472.0575
9157.8705
9458.0525
9689.2605
9540.8385
9767.761
9604.8785
9437.236
9229.1745
8982.7345
8774.634
8652.479
8456.3545
8410.889
8744.459
8883.001
8999.971
9020.0035
9274.5975
9460.845
9575.497
9510.4395
9710.128
9824.361
9863.924
10028.739
10369.3295
10658.2805
10907.7765
10959.747
10984.0145
10933.253
10856.1135
10682.471
10622.307
10414.7835
10336.652
10374.1895
10356.2635
10232.642
10162.1235
10276.9845
10391.57
10313.1825
10271.529
10102.635
10006.2485
9701.687
9805.3245
10065.9905
10159.67
10152.3545
10214.884
10214.08
10324.7825
10208.956
10144.02
10098.7675
9928.246
9829.995
9811.969
9790.9665
9558.236
9337.152
9085.587
8650.0235
8012.175
7724.237
7558.0835
7414.78
7289.168
7313.5725
7422.0995
7304.5765
7133.0375
7137.5955
6960.226
6723.935
6508.1115
6228.0315
6336.845
6571.7445
6652.897
6817.4855
6794.0075
6529.03
6369.064
6127.021
5809.0935
5837.657
5756.4045
5609.775
3582.049
5324.2935
5344.149
5450.853
5487.7135
5237.6575
5204.5825
5120.734
5176.059
5036.6375
4726.548
4872.939
4708.7815
4492.1325
4535.3305
4195.816
3995.6835
3777.748
3395.9265
3550.2855
3686.655
3694.152
3748.027
3749.838
3749.841
3816.4205
3758.662
3613.1995
3446.6775
3139.6535
2758.6805
2621.367
2630.189
2591.2425
2506.3945
2525.6535
2676.973
3015.0445
3421.2505
4418.649
5399.754
5808.662
5928.0605
6078.048
6090.43
6169.1975
5944.4915
5630.951
5474.8955
5247.8615
5280.711
5265.9815
5240.1465
4701.728
4076.3445
3646.9455
3290.19
3127.4155
2815.7925
2608.0395
2294.424
2086.466
1904.034
1817.7455
1744.492
1660.6165
1619.8765
1527.156
1558.356
1599.159
1554.6715
1556.498
1602.592
1675.982
1750.5645
1847.2285
1870.915
1780.348
1912.5935
2196.436
2521.7875
2598.25
2848.2085
3014.587
3022.019
3074.1055
2827.2335
2887.605
3245.324
3800.5725
4004.2675
4064.704
3878.583
3334.078
3396.0965
3314.754
3275.443
3560.3745
3660.2865
3541.2325
3605.5385
3823.6465
3841.102
4005.892
4144.4395
4199.903
4747.832
4784.3205
4780.158
4642.63
4276.866
3977.548
4035.252
4501.983
4466.2325
4392.0895
4375.2275
4042.047
3619.4035
3385.5395
3093.6015
2818.7565
2654.3795
2552.158
2542.713
2355.6245
2267.5135
2108.9165
2174.1695
2182.9455
2201.6665
2323.163
2199.6905
2139.6495
2401.413
2543.655
2836.8085
3339.63
4234.851
4697.9905
4979.5475
5216.0255
5254.307
4961.029
5223.3995
5852.1925
6331.2955
6652.547
6918.7925
6871.14
6783.7155
6628.7125
6649.7365
6390.661
6268.49
6234.461
6640.911
6665.3575
6454.2655
6195.887
6114.458
5746.828
5103.925
4577.683
3828.4495
2688.661
2090.489
1611.472
1062.944
1279.4415
1131.7835
1294.119
1296.2315
1255.96
1193.076
1246.202
1466.0345
1654.761
1613.071
1407.3205
1566.511
1764.573
2213.742
2626.273
2882.03
2826.4445
2664.816
2654.8705
2631.516
2663.831
2602.156
2657.1715
2831.4565
3306.2305
3336.2235
3277.9205
3443.9445
3359.577
3355.7445
3491.4285
3409.4435
3307.535
3081.646
2862.998
2702.4695
2602.0995
2540.156
2553.8035
2801.106
2917.572
3146.82
3114.4325
3085.282
2945.8175
2981.706
2842.14
2767.502
2736.795
2424.067
2373.781
1876.9975
1408.35
1107.5605
920.0295
754.827
587.3395
743.2005
764.225
855.7165
851.379
884.766
966.041
1337.1375
1746.585
2315.113
2822.703
3247.559
3759.277
4484.247
4871.474
5272.447
5121.4785
5565.4515
5858.9145
6275.078
6967.623
7341.6975
8112.118
8760.628
9312.032
9499.152
9792.9245
9753.851
10016.0685
9833.909
9899.942
9898.941
9947.559
9832.172
9334.6435
8827.907
8419.654
8438.1805
8481.669
8557.083
8464.8265
8400.3375
8331.006
8716.247
9139.0385
9066.995
8547.54
8515.73
7910.272
7513.964
7333.544
7399.8805
7440.9895
5553.8335
8932.2765
9218.113
9276.4315
9108.052
8880.485
8548.089
7939.918
7888.134
7900.474
7972.748
8091.63
8039.7355
8155.013
8756.9585
9240.144
9203.746
9087.4005
9093.514
5730.929
9024.494
8888.074
8762.629
8341.1735
8231.1045
9273.5615
10198.865
10400.586
10522.864
10671.731
10629.6915
10605.8295
11050.27
11026.1595
11340.532
11403.656
11385.0185
11589.191
11523.3085
11974.0555
12278.982
12271.9645
12461.609
12612.938
12635.345
12700.036
12601.947
12368.424
11929.1335
11392.7615
11127.557
10937.7675
11070.7275
11126.971
11112.0405
11054.229
10983.563
11081.1425
6929.134
10837.742
10849.97
10815.8115
10886.406
11109.8705
11256.606
11594.242
11827.247
11972.405
11994.0575
11914.0235
11813.501
11476.17
11077.384
10620.4445
10310.2125
10048.3475
9669.9205
9438.377
9247.675
9094.1245
8927.206
8535.265
8424.4215
8518.771
8514.262
8445.3935
8471.3395
8516.9585
9084.539
9300.515
9223.753
9025.949
8844.849
8548.6765
8241.081
8220.324
7577.5605
7105.7245
4147.482
6370.3665
5361.3135
5026.8465
4916.4425
4748.471
4703.015
4890.799
5041.703
4764.357
5091.159
5153.895
5185.733
4965.3685
4725.5075
4564.8055
2843.964
4116.356
3680.306
3169.772
2871.611
2846.988
2929.5925
2939.745
2740.6695
2401.153
2280.8865
2220.97
2216.4545
2178.875
2360.551
2305.3925
2498.519
2891.6145
3118.7665
3400.5105
2473.789
4194.156
4771.9985
5191.897
5814.9065
6393.8435
6893.7055
7648.682
7856.644
7899.6595
7677.894
8058.0385
8478.727
8494.5795
8826.482
8734.173
8337.1355
8400.218
8489.0725
7986.3925
7701.596
7043.405
6578.221
6364.899
6095.7705
5998.7585
6358.779
6577.647
6647.1065
6437.626
6510.4045
6859.9445
7511.1195
8155.6905
8056.737
7590.485
7699.377
8275.71
9014.3665
9031.4355
8872.662
8666.3065
8843.3725
9319.9895
9126.9675
5966.6945
9253.315
9307.804
9547.872
9634.553
10003.0345
9992.3365
10434.5605
10159.77
9602.4235
8945.277
7750.1585
6313.3775
5122.3135
4039.773
2188.186
3069.2005
2803.328
2457.958
2088.581
2052.134
2026.065
1900.0695
1834.5795
1975.0165
1896.7105
1784.866
1699.5655
1622.992
1412.769
1553.8805
1564.444
1608.884
1685.6825
1953.403
2170.341
2051.0475
1732.3795
1493.35
1325.6285
1432.0145
1387.121
1416.8925
1472.281
1089.0465
1502.173
1620.154
1769.468
1849.013
1874.8915
1845.017
1783.66
1679.12
1827.5365
2203.2505
2303.362
2460.322
2623.5515
2667.462
2906.1685
2903.078
2545.8945
2019.263
1784.0885
1734.358
1919.9365
1873.485
1786.2915
1732.5075
1682.0705
1650.0595
1608.55
1549.8455
1525.879
1499.1145
1437.7235
1240.8915
1015.1785
922.6025
809.481
833.5515
871.6895
862.372
988.9455
1177.763
1401.392
1689.056
1959.801
2518.115
3266.0865
3903.5215
4295.0695
4752.04
5477.617
6391.226
6282.4
6517.529
6583.415
6453.436
6308.655
6606.0505
6731.258
6827.9465
6799.542
7273.588
7498.996
7234.373
7270.884
6878.4915
6121.538
5589.4505
5706.632
5679.491
5558.2145
5217.3205
4918.79
4650.414
4387.969
4095.7625
3640.2125
3349.8705
1777.0215
2134.1385
1712.4895
1609.359
1202.4065
1741.3325
1802.487
2163.2325
2407.7335
2645.4345
3052.3265
3296.6235
3116.335
2929.468
2537.892
2409.335
2699.6815
2433.525
2358.5635
2342.1835
2294.6925
2169.1495
2069.154
1683.4795
1488.3745
1501.7955
1764.0215
1822.8495
1861.7345
2060.7425
2449.409
2938.9465
3354.425
2382.274
4007.831
4844.6355
5429.114
6233.8925
6573.805
6812.155
7228.8625
7162.6845
6888.6625
6624.0625
6019.554
5827.1825
5385.4865
3127.0975
4436.823
4125.945
2663.941
3945.5875
4091.1635
4319.7875
4289.0295
4482.5545
4855.8515
4854.1855
5323.529
5806.6155
6191.8565
6165.6605
4007.52
6443.0885
6023.0895
6399.6405
6282.7765
6133.5255
6047.8715
6432.988
6385.2115
6690.335
6744.0535
6673.6035
6539.386
6267.56
6187.3465
6055.716
6240.376
6538.571
6219.2685
6047.17
5720.7595
5305.992
4819.813
4397.727
2639.5155
3509.2455
3352.051
3345.533
3178.6545
2008.472
2708.902
2596.782
1786.1225
1711.3065
2432.0235
2346.6445
2002.4605
1733.4
1381.197
1124.337
1046.574
1010.978
979.26
983.176
1035.0645
1128.1555
1357.357
1691.9
1420.664
1629.6525
1061.6205
2271.485
2500.2045
2862.1375
4634.867
4939.0215
5488.86
3790.922
1663.959
7586.6395
5181.8455
8841.246
9208.123
5930.8975
9697.5485
10094.8305
10350.7985
10227.839
10143.6395
10179.968
10164.802
9952.817
5864.9195
9169.4455
8958.352
8818.7375
8581.1615
8506.5165
8215.981
4852.5455
7254.8375
1737.531
4289.5475
6734.8485
6532.885
6246.7995
6255.6995
3998.6115
6351.401
6611.9515
7104.7745
6965.581
6983.005
6899.689
6820.2925
6350.9025
6288.303
5984.991
5452.384
5292.0315
4877.6815
4902.606
5062.928
5045.4395
4859.441
1253.173
5242.235
5102.311
4810.992
5194.895
5291.8365
5474.7415
5992.7115
6734.7705
7377.9235
8339.1915
5837.0415
10042.0315
9787.8145
9784.4605
5794.0025
8664.506
8599.3835
8904.0965
8795.521
8650.1565
8162.7275
7847.5345
7250.107
4233.86
3834.1385
5828.668
5854.33
5394.6225
4798.8365
4061.5425
3554.7685
3084.759
2844.356
2621.856
2750.969
2629.8045
2583.645
2524.2515
2677.9325
2223.154
3672.0315
4147.9795
4745.2935
5633.538
6315.251
6750.5555
7222.952
8033.199
5257.171
8842.0995
9129.3085
9428.546
9457.173
9507.1315
9575.2335
9663.218
10014.2175
10355.852
10381.801
10309.855
10026.438
9552.8605
9061.669
8658.1905
8380.5445
7977.497
6974.5235
6188.8465
3608.4385
5460.288
5351.032
4927.145
4511.151
3918.146
3470.706
3128.7775
2817.2105
2645.678
2568.748
2635.3855
2403.759
2535.372
2704.4315
2888.7325
2890.601
2654.951
2423.826
2103.2415
2014.4455
1619.661
1257.77
1044.5905
765.283
666.2425
463.8445
431.2565
573.0525
438.609
527.6935
515.4645
441.886
439.2735
456.5375
489.287
585.9805
601.8575
598.2
563.179
544.73
499.1695
459.4855
512.6805
540.194
687.209
769.669
931.6455
914.469
839.3095
731.8505
635.7515
547.8905
848.005
1041.1465
970.989
1005.082
1074.321
793.426
1159.3445
1424.863
1658.8175
1968.103
2085.868
2516.8185
3106.9295
3883.893
4026.381
4556.068
4977.2505
5620.801
5927.2025
5989.4615
6538.0565
6617.7565
3600.6295
6784.638
6999.053
7052.898
6914.3505
6714.053
6426.2745
6099.7245
6221.364
6328.269
6398.959
6236.91
4164.828
6817.666
6543.364
4183.0955
6299.844
5769.142
4799.2695
4282.5205
4079.7915
3885.794
4133.7235
3488.355
3319.391
3446.595
3807.8995
3722.6165
3603.769
4061.8665
4842.0465
5315.197
4950.0615
4754.818
4617.3465
4546.819
4727.4135
4502.5835
4633.1665
4540.772
4558.8895
3127.7425
4701.156
4547.7975
4596.3315
4780.4895
4954.751
5130.982
3307.458
3307.701
5209.403
5400.8655
5183.0755
5009.8555
5110.107
5133.4885
5428.5335
5647.8765
5580.482
5425.807
5269.696
5383.8975
5281.431
3495.696
4911.972
4410.807
4216.2655
4068.3855
3640.204
3369.4325
2046.636
2593.914
2432.753
2306.295
2243.2805
2171.4745
2262.3105
2151.259
2083.5845
1908.3525
1787.866
1629.552
1590.533
1530.5785
1355.446
1236.2875
1157.602
915.7395
804.9655
764.8615
864.5115
851.2455
831.826
882.7115
962.946
1065.9145
776.226
1022.5905
1046.734
828.417
1175.911
1083.5675
1132.3015
1394.5655
1631.6415
1771.7775
1829.337
1921.4425
1867.767
1716.9095
1720.542
1827.3865
2039.204
2544.911
2965.0065
3128.4295
3218.6195
3357.864
3424.344
2073.4715
2829.188
3049.532
3438.9895
3839.3845
4008.397
4206.383
4465.8735
4943.565
3590.1905
6061.4565
6330.121
6295.7265
5989.96
6035.2935
6222.96
5984.623
5949.552
5916.857
5650.214
5580.4405
5523.693
5561.0235
5350.754
5430.381
5449.075
3549.5805
3386.589
5244.3075
5284.8115
5341.7465
5291.2135
5084.822
5663.9025
6295.1085
6662.7595
6947.475
7502.376
5242.461
8084.194
4989.0675
7882.211
8115.2005
7993.9335
7789.1115
8084.8855
8712.356
8976.8535
9263.541
5848.226
9292.601
9595.2915
10055.3515
10278.3555
10113.094
10122.7845
10208.4185
10537.0275
10856.6475
10752.6615
10473.617
10260.3155
10260.682
10085.0895
9749.4845
9525.319
8926.8675
5153.3895
7872.483
7106.726
6902.748
6757.892
6927.142
4317.592
6609.618
6729.68
6511.575
6461.4785
6783.547
6963.731
6801.5865
6514.7865
6353.828
6368.632
6623.16
7362.05
4732.781
7584.2645
5032.61
8391.3735
9051.6115
9377.738
8934.1975
8246.7685
7680.2515
7079.295
3831.376
3602.204
2199.873
2928.637
4117.5635
3696.9055
2302.9495
2956.3255
2812.7095
2847.348
2865.1185
2723.722
2725.0675
1854.793
2550.622
2302.0225
711.01
1598.736
1466.9575
1305.902
1246.0495
1186.9565
1263.6825
1009.0365
1409.961
909.35
622.815
1833.1895
1856.663
730.293
2465.259
1941.3275
3302.8675
3621.168
3784.7435
3865.319
3881.902
2633.387
3754.5615
3486.906
1817.8575
1447.86
1877.345
1605.551
1491.8085
1255.6615
1031.374
840.2025
761.3245
475.98
507.727
1090.1015
1168.5015
1173.1235
1248.734
1528.483
2056.0345
2692.961
2084.8405
3257.394
3481.6115
3554.8195
3648.199
3567.515
2153.6755
3781.3495
4399.9305
4961.506
5344.65
5290.464
5361.841
4520.28
2728.0445
2075.253
2121.554
3188.749
3742.3845
4680.0755
4481.8775
5331.994
6057.783
6323.494
6269.2185
5907.1605
5801.6145
6178.493
6470.8065
4381.467
6961.6025
6685.3815
6619.072
6576.8445
6821.625
6945.7015
7187.838
7307.259
7303.505
2100.629
4677.7145
7556.921
7871.567
8302.431
5131.318
7897.1
8275.7365
8378.7105
8331.568
8030.327
8263.6765
8684.516
8490.8685
5307.263
5581.5735
9428.6705
9864.038
9643.05
5548.073
8403.5185
8421.937
8211.0025
8154.16
2213.149
5039.9705
7788.3445
7624.152
7701.6015
7428.1745
6731.3925
6463.607
6283.822
5538.0995
3396.3025
4806.2735
4773.04
4681.869
4386.424
2746.7345
4237.027
4461.739
4544.047
5015.4195
5708.4345
5635.9545
5833.0545
5782.8275
1495.375
3595.951
5308.743
3647.8895
6001.073
6228.3615
6928.301
4884.769
7400.6545
7344.0315
8008.5085
8243.5375
8275.926
8379.996
7593.449
4434.6255
6610.4015
6553.8235
6599.741
7179.354
7835.615
7910.012
8304.0275
8363.8235
2129.341
5318.8095
8258.0445
8752.7395
9628.624
9731.807
9493.7755
9865.6135
9880.2315
9915.126
9537.17
9629.5135
9413.5315
8624.5185
7505.897
1939.102
5409.6295
4716.4455
4229.404
3293.4905
1758.023
2200.0015
1849.5605
1655.7935
517.625
1262.2965
1110.797
939.06
782.4655
859.6705
963.618
1080.5285
1576.14
1880.2505
2340.221
2678.7045
2759.228
2545.4385
2441.7455
1482.34
1918.5395
1735.5105
1251.306
1746.185
1912.5125
2163.368
2142.3035
2013.307
639.207
1212.0305
1774.93
1813.2605
1811.94175
2060.21
2184.2855
2182.076
2183.0715
2175.396
2194.4985
2275.57
2308.202
2416.628
2493.926
829.06
2504.74
2580.0035
2415.5385
2419.8965
2440.445
2398.646
2508.11
2734.864
2745.231
2707.7995
2748.6515
3073.0065
3215.2385
3193.0395
2386.095
3706.9465
3919.938
3968.5525
4025.7145
4062.9025
4305.0505
4498.056
4840.379
3198.898
4814.9845
4863.2695
4822.812
3113.534
4747.7035
4932.79
3282.1825
5113.8195
1521.901
1553.012
5385.6415
5605.0795
5819.4435
6060.4035
4104.6285
2120.551
4165.3595
6222.8675
6261.4795
4190.7335
6301.413
6024.8365
5787.6975
1721.924
5160.783
4787.5925
4670.825
4643.954
4623.78
4684.861
2935.5505
4450.7055
1027.58
2114.049
4290.4875
4347.159
4306.845
4996.777
3685.1295
1943.794
7566.0415
7786.3335
8012.8105
8246.2915
8768.439
5954.0565
6186.6165
6105.573
2662.565
2656.7645
6067.2175
5930.4295
2509.225
2446.721
4615.244
2396.5405
2387.744
2337.214
2308.941
7656.039
2369.239
2454.264
5791.0905
5641.0085
2470.1265
8402.4005
8332.276
8020.8475
7963.649
5074.5695
7343.8675
4181.052
5782.085
5261.6225
5143.0825
5272.4615
4943.152
1390.443
4918.44
2957.222
1245.706
1168.757
2213.9015
3126.2115
3417.536
2289.5575
3680.849
2507.8905
4406.538
4834.971
5444.476
5449.398
5536.2925
5604.1245
5851.1485
5645.483
5458.245
5253.9695
4712.77
4194.066
4323.2785
3976.094
3947.747
3665.777
3439.573
3267.279
2126.8595
3247.327
3083.478
3007.551
2890.355
2718.956
2960.777
3077.773
3012.319
3138.286
3369.5435
3277.389
3063.84
2762.301
2559.925
2518.6875
2423.6465
2439.159
2344.5495
2352.6435
2704.754
2878.652
3125.656
3318.59
3228.551
3311.8705
3441.557
3611.657
3740.546
2540.703
4051.973
4323.7725
4453.3175
4485.3865
4391.6005
4205.5025
3985.5365
3779.696
3737.9785
3438.1655
3152.6415
2821.5895
2498.0865
2165.261
1701.218
1254.695
1046.0455
922.856
972.333
942.234
1030.233
1123.5265
1315.621
1644.2965
2048.846
2469.89
3051.739
3601.9395
2400.2985
3718.9195
3394.7145
2839.734
2459.6675
2214.373
2022.962
1870.324
1481.3385
1174.365
884.638
791.021
713.771
788.413
913.791
1017.6135
1279.093
1455.8235
1733.381
2068.2355
2418.065
2792.423
2978.266
2851.393
2721.238
2493.6785
2258.988
2100.6335
1901.086
1376.1925
2078.169
2211.348
2277.4705
2355.767
2453.979
2615.171
2723.779
2777.121
3292.0245
3307.2095
3375.096
2112.7865
3211.685
3390.9085
3438.018
3270.753
3300.9935
3430.9845
3949.8995
3564.312
2946.4505
2979.932
2891.5395
2840.0145
2472.278
2367.2585
2389.343
2190.8865
1309.2745
1904.52
2159.054
2194.995
2424.0405
2908.821
3589.281
4057.0195
4591.7015
5235.0745
5964.3845
2919.529
6310.8425
6503.6465
4255.0705
6454.223
6259.4085
5351.956
4442.51
3887.904
3351.3925
3430.9375
3757.6325
3951.705
3833.78
4053.981
4260.5285
4339.297
4213.726
4024.59
4478.923
5255.3365
5558.4245
5338.4375
5324.5695
5030.3875
4512.55
3869.216
3072.7405
2574.976
2053.05
1838.9765
1786.7445
2060.4855
2481.6355
2833.327
3426.9075
4157.2205
4494.1755
4887.1705
5285.8865
5707.031
6321.185
6993.517
7821.5895
8467.0945
8630.858
9012.412
9105.8035
9182.7015
9498.9395
9629.147
9280.0745
8729.4435
7483.393
6605.9985
5532.367
5416.1195
5086.359
4387.661
4100.133
4357.0145
3828.8635
3209.23675
2616.8735
1809.3725
1446.475
1177.143
814.55
705.148
718.04075
749.006
808.434
876.7205
906.7665
990.937
1133.8695
1307.6145
1531.1515
1733.4305
1847.677
1815.8085
1461.5265
1337.5925
1358.347
1486.4535
1611.7685
1559.527
1436.9405
1633.323
1626.4475
1518.352
1418.41
1303.4725
1144.77
833.4685
1173.8035
1277.803
1387.11
1586.463
1761.681
1621.5485
1522.768
1280.309
1104.171
1092.945
1104.9435
1068.906
1126.965
1240.895
1754.995
2247.5415
2584.5855
2742.3915
3049.6025
3173.9095
3210.5605
3350.7235
3462.867
3453.787
3475.328
3322.0135
3293.7685
3395.2175
3682.869
3912.3715
4142.3805
3913.813
3568.663
3217.0505
3040.6475
2835.7545
2590.636
2516.5965
2440.4355
2384.6745
2361.876
2242.727
2176.0945
2108.0625
2110.412
2355.9245
2453.8675
2630.784
2829.196
3146.9855
3289.7325
3475.893
3900.356
4301.0595
4808.251
5632.796
5848.7705
6208.254
6316.314
6142.0675
5959.9265
5588.334
5579.2825
5687.137
5640.7285
5746.5385
5451.652
5524.5605
5518.593
5484.657
5243.5505
5022.3105
4789.5515
4739.3575
4735.4805
4766.392
4670.175
4679.5415
4704.473
4622.9745
4447.138
4307.6545
4163.116
3876.7775
3715.768
3654.652
3481.073
3278.6265
3244.0085
3171.1375
3099.542
2991.412
3093.7115
3016.4115
2981.218
2854.287
2655.1955
2608.019
2651.1935
2694.991
2798.6095
2852.869
2842.296
2679.877
2440.1055
2149.5035
2054.4825
1974.2915
1890.1795
1852.8385
1793.433
1734.462
1676.1275
1595.756
1573.478
1320.691
1295.3735
1236.575
1188.7535
755.1685
1101.0735
1135.8025
1159.082
1171.2205
1202.9845
1228.2095
1127.198
1032.551
935.0505
845.8515
823.154
786.897
780.2565
786.5275
816.3405
816.586
855.024
928.081
996.2525
1107.2865
1315.627
1747.423
2097.8495
2440.4605
2884.0575
3454.72
4043.4745
4544.1195
2953.4565
4402.336
4298.154
4057.2515
4147.502
4265.732
4360.143
4514.316
4687.6775
4701.403
4583.806
2858.7735
4292.538
4429.753
4571.3015
4678.093
4737.9375
4972.439
4787.6685
4743.526
4655.797
4600.941
4503.6845
4946.6095
4970.36
4455.575
3968.652
3487.641
2735.767
1678.7545
2446.5735
2247.138
2080.6285
2050.013
2021.1035
1998.833
1939.412
1973.0205
1987.565
1804.028
1716.2495
1775.049
1848.329
1978.005
2004.56
1991.0765
2060.4625
2264.948
2697.0245
3000.036
3256.7
3264.895
3268.2245
3361.1555
3683.837
3535.148
3662.48
3984.6875
2837.2895
4686.738
4916.453
4969.268
4838.863
4744.762
5016.118
5053.646
4976.568
4759.6885
4847.1965
4777.6445
4830.407
4941.9985
5014.3075
5135.1255
5279.748
5181.4725
4652.741
4366.311
4210.1815
4092.4295
3930.746
3710.9605
3526.8055
3325.63
3243.394
3153.863
3230.4635
2058.382
2927.8585
2795.2255
2665.4265
2681.2195
2903.8025
3196.54
3423.988
3782.271
3946.4645
4131.372
4185.254
4163.527
3946.2065
4102.6535
4167.533
2581.1655
3289.9015
3241.9185
3186.1365
2984.726
2946.2385
2847.9095
2838.7075
2748.78
2804.4295
2006.857
2702.45475
2646.8435
2723.8735
2604.3665
2547.216
2504.1095
2685.0825
2820.488
2805.644
2689.455
2520.1615
2879.218
2662.762
2508.771
2332.0605
2111.18
2087.2935
1986.3175
2142.524
2333.8145
2505.429
2365.8215
2358.366
2406.364
2728.2395
3145.143
3722.3825
4221.841
2864.1135
4367.8095
4485.809
4501.2015
4277.291
3999.984
3806.359
3903.519
3529.0595
3384.113
3174.0475
2737.7445
2542.0675
2502.0205
2842.425
3074.319
3189.037
3073.8005
3529.8655
3773.3075
3810.7015
4283.013
4685.656
4880.139
5175.9365
5589.929
6199.5935
6819.9615
6831.5895
4329.4295
6310.2205
6363.8065
6392.0065
6617.8585
6235.7435
6304.1115
6176.985
6624.0195
7017.6805
7131.085
7341.752
7150.055
6845.8205
6635.892
6745.364
6402.0255
6409.824
6520.6135
6486.248
6426.9095
6151.957
5793.2405
5455.9175
4811.934
4221.3015
3563.838
3350.6815
3193.425
1745.984
2195.591
1853.8615
1617.6955
1655.513
1561.105
1459.4385
1306.703
1296.904
1314.562
1337.1835
1373.2435
1365.0675
1337.3
1375.16
1594.0235
1753.8515
2135.801
2519.3865
2837.255
3028.15
3233.303
3433.058
3250.37
3117.1685
2974.8835
3094.2155
3108.9645
3072.7285
2137.8795
3002.961
3621.037
4060.3075
4298.7715
4439.3205
4519.023
4943.607
5155.2385
5215.3615
5867.357
6210.9135
6454.2675
6376.0185
6176.4395
6150.4115
5767.34
5089.048
4444.4395
3848.098
3493.374
2898.6495
2682.951
2885.161
2744.5755
2527.6225
2150.681
2117.2405
2165.524
2226.4385
2254.235
2302.197
2272.9055
2149.9055
2178.53
2035.2585
1844.3465
1657.723
1485.4855
1404.7315
1439.1755
1365.831
1307.2565
1240.8735
1183.892
1022.3315
894.3865
922.941
956.759
1027.667
1094.655
1172.917
1223.703
1123.072
1169.8695
1335.831
1296.5405
1181.952
1149.078
1108.1875
1163.1845
1192.127
1061.147
949.654
860.7475
804.711
775.228
771.6635
802.3405
770.322
681.298
641.558
626.9935
523.3085
488.043
434.87
430.6825
481.482
555.9485
644.464
700.298
819.97
985.3195
1173.66
1263.281
1252.87
1203.5735
1194.442
1210.6545
1185.9305
1159.2535
1084.9375
1085.743
1025.628
955.62
870.3055
878.311
890.852
1004.682
934.819
822.0785
924.1995
1038.7845
1011.296
1086.9445
1120.51
1136.995
1180.334
1174.172
1185.2165
1038.622
817.6325
790.333
702.7165
568.716
557.548
562.3065
531.6995
598.307
599.036
526.7615
474.629
425.039
410.109
434.5415
452.93425
479.9485
532.607
599.767
635.2745
712.567
795.7685
900.1685
881.0915
865.3655
807.2335
723.7825
658.445
743.762
837.895
866.6995
892.066
917.453
992.775
1067.9155
964.6305
837.9535
988.9805
1222.243
1131.3025
1260.015
1293.903
1329.181
1490.147
1786.89
2021.266
2254.7705
2577.5655
2999.5155
2964.9955
3145.2125
3281
3043.81
3084.9905
3005.647
3003.4465
3190.8475
3100.527
3113.413
3038.784
2865.7085
2574.149
2450.301
2443.766
2312.992
2350.6515
2368.3895
2404.8765
2613.406
2729.56
2775.621
2691.9905
2730.927
2577.4985
2636.2455
2489.0225
2334.594
2244.488
2033.0315
1794.183
1783.5265
1535.8505
1425.1235
1409.514
1248.476
1319.4075
1323.1965
1272.4775
1179.1315
1284.243
1368.5745
1470.2125
1684.7125
1809.1185
1932.3215
1944.0205
1963.6825
2002.3885
1863.733
2065.9265
1828.6005
1765.142
1735.348
1006.476
1412.1865
1341.694
1339.627
1324.3065
1264.233
1413.2855
1579.618
1415.096
1373.681
1345.0555
1420.018
1450.519
1806.397
1891.2265
1877.403
1802.5555
1859.9565
1780.3445
1837.4965
1624.0585
1455.0385
1409.1035
1442.3665
1525.309
1626.3795
1676.297
1727.5915
1601.2595
1494.916
1394.04
1288.7925
1217.3255
1165.903
1065.515
1073.7425
990.194
1155.7255
1216.9195
1312.043
1459.9415
1484.0645
1365.3255
1192.285
1191.0745
1121.0515
1080.603
959.479
847.7135
780.3505
770.3285
758.9525
787.182
708.727
635.2675
678.4485
783.611
852.9725
816.813
814.3705
822.226
810.703
854.857
924.401
923.438
886.065
774.7325
622.6845
677.614
645.684
667.471
707.021
623.532
600.8715
649.6355
673.969
810.5135
682.535
647.331
703.433
777.18
775.594
966.938
1079.875
1120.2515
1365.461
1617.0335
1820.449
1983.548
1897.224
1754.9205
1689.769
1696.021
1416.3785
1462.4765
1358.2785
1287.669
1392.127
1689.003
1782.0155
1772.421
1660.2875
1647.2755
1810.135
1884.0515
1747.5745
1786.3625
1948.834
2054.0185
2385.945
2740.646
2978.261
3095.172
3219.8505
3258.7305
3191.169
2612.6015
2212.7375
2043.1155
1996.8125
1831.172
1763.843
1807.558
2046.9495
1969.6295
1837.1185
1980.453
1831.3005
2027.186
2158.847
2145.692
2212.065
2228.25
2188.923
2241.0825
2500.954
2617.518
2736.6525
2564.766
2346.463
2090.499
1669.736
1403.2495
1171.851
988.677
848.9755
774.6845
809.3795
793.6385
920.7615
1312.035
1939.725
2351.185
2774.9565
3390.795
3820.667
4104.459
4543.7105
5205.2655
6486.8505
7630.1825
7814.1625
8033.8145
8439.1515
8536.398
8401.578
8677.8445
8559.481
8476.0615
8779.4045
9042.278
8965.89
9342.712
9793.568
10392.3015
10152.954
10348.538
10620.2275
10697.348
10304.82
9856.197
9211.079
8950.3165
8309.1115
7714.491
7081.801
5748.5405
4853.829
4822.291
4699.172
4658.4525
5092.932
5478.0215
5299.0315
4927.063
4433.419
3961.845
2502.6895
3706.4295
3839.0795
3968.634
3999.9525
3891.92
3981.5345
3857.5985
3606.81
3522.2045
3109.4035
2832.9455
2364.748
1970.1605
1981.4475
2132.5665
2124.7
2037.737
1968.92275
2103.662
2122.6365
2269.0735
2679.571
2961.4805
3416.695
3706.725
3298.039
3658.569
3847.482
4033.6355
4318.94
4574.9085
4671.2645
4797.297
5334.6835
5902.5905
5729.278
5332.573
5007.7365
4299.1765
4067.8485
4318.1545
4283.907
4149.4685
3738.5045
3598.6845
3474.905
3210.6745
3104.722
3100.287
3050.866
3011.676
3002.687
3350.8975
3781.342
4095.344
4380.736
5093.933
5298.042
5257.776
5573.567
5690.6815
5654.83
5766.32
5659.5655
5537.3135
5415.257
5111.213
4933.78
5214.4945
4916.7805
5063.2945
5678.552
6453.549
6574.3345
6584.1605
6534.373
6418.524
6513.354
6327.5
6551.158
7155.0755
7856.5385
8156.5665
7847.915
7618.6645
7547.779
7390.387
7412.683
7122.487
6785.961
6671.0315
5803.7685
5155.6805
4603.5765
4185.2125
3717.4715
3631.317
3305.697
3121.6675
3152.938
3226.5155
3103.9955
3038.5685
3040.9355
2904.546
2825.3665
3084.1825
3844.938
4560.616
5091.5455
5296.335
5538.0575
5958.34
5760.5
6066.6925
3943.051
6041.64
6062.9055
6753.3285
6790.2415
4251.378
6741.575
7017.4665
7108.5725
6878.4435
6715.182
6722.18
6568.8325
5870.054
5129.8685
4936.2345
4561.777
4630.918
4863.2575
4579.721
4155.1155
4396.766
5384.09
6201.0925
6884.4355
7271.8865
7315.488
7520.8225
5140.312
6517.8775
8434.4955
8058.2885
7848.7945
7648.8525
7786.544
7577.434
7322.334
7051.5115
6671.3365
6475.1625
6247.78
5706.795
5472.733
5356.487
4995.816
4728.8725
4806.3
4812.3305
5096.4295
5065.7505
4955.9175
4397.0565
4177.165
4116.6265
3711.7985
3626.0415
3765.756
3815.873
2611.58
4081.149
4083.6935
4000.477
3921.8445
3783.539
3299.087
2966.6695
2437.5325
2309.074
2418.1705
2588.8825
2478.4275
2400.903
2250.733
2273.052
2320.343
2278.4645
2299.876
2786.7165
2989.3775
3018.3285
3009.7935
2966.4695
2966.7575
2782.3785
2728.417
2643.353
2597.9765
1618.624
2248.126
1940.386
1589.883
1418.346
1209.874
1040.4875
961.9065
951.7705
620.291
943.54
972.1425
933.3695
873.2945
917.6775
969.137
1042.319
1083.09
1171.4265
1191.9155
1174.014
1208.977
1230.3725
1193.435
1152.271
1058.037
930.962
895.9715
954.6755
676.048
1002.909
1000.497
1047.37
1052.644
1071.7935
1049.576
1005.202
866.775
814.779
795.9825
856.663
909.6865
932.161
923.1835
933.9475
891.001
844.6895
797.923
804.2145
814.108
776.355
746.1515
703.473
604.0375
549.6745
536.6975
523.1865
552.2975
616.6245
586.7985
530.9975
530.7285
458.239
393.321
385.6935
425.729
484.383
542.5415
543.8165
583.819
533.5175
543.717
659.747
921.682
965.74
947.2855
1069.4275
1257.4815
1472.072
1403.4405
1239.766
1071.184
989.0465
991.752
1146.7705
1164.6475
1287.0805
1355.177
1437.487
1387.0785
1274.682
1186.2105
1198.512
1317.258
1466.5485
1628.444
1863.8725
2054.5925
2244.1235
2605.109
2593.47
2402.9975
2211.721
2038.1575
1796.36375
1552.6245
1365.7905
1330.525
1303.9755
1292.629
1298.258
1234.4135
1272.7585
1229.1985
1337.3585
1428.6695
1439.9955
1703.93
1882.3955
2001.243
2116.2725
2225.5535
2306.719
2365.9615
2302.296
2207.6485
2155.1595
1982.9195
1999.009
2105.465
2020.0885
2021.229
2031.424
1941.025
1933.3805
1877.197
1980.5745
1868.6805
1697.9795
2047.2955
2506.6095
2722.156
2923.7935
3142.491
3286.2175
3304.938
3491.7915
3555.6845
3626.9465
3633.8725
3604.263
3275.309
2902.74
2539.022
2467.738
2331.7755
2126.2755
2025.7295
2026.1205
2005.9645
1989.8625
2061.8925
2264.1395
2655.819
2808.6505
2903.7395
3040.13
3142.5845
3408.1575
3773.2695
4091.31
4370.985
4268.451
3977.482
4067.851
4212.4515
4233.2755
4156.7555
3921.8245
3764.251
3616.1515
3464.7025
3268.4625
3064.266
3091.944
3320.6955
3634.792
3833.5495
4242.3035
4421.716
4736.779
4844.4015
4957.6805
4944.7445
4995.1365
4706.117
4304.495
4147.928
3759.7425
3375.599
3353.011
3074.7315
2900.356
2977.1965
2962.326
2992.794
3007.1505
1953.227
2845.973
2834.335
2918.57
2993.2535
3405.799
3837.3965
3933.2015
4008.7535
4168.322
4318.0005
4330.5205
4292.8615
4560.076
4334.896
4165.4665
3993.6785
3905.7385
3865.898
3704.2335
3495.2105
3219.3005
3115.0035
2986.918
2946.6985
2839.3355
2624.3615
2714.507
2694.969
2591.375
2793.278
2764.6565
2660.6765
2661.5705
2730.518
2628.178
2561.565
2501.891
2528.2345
2486.1465
2297.3685
1923.091
1776.184
1651.4415
1540.974
1445.9
1275.5615
1120.769
962.793
862.192
749.709
759.196
784.87
812.633
869.311
938.1355
916.001
859.906
779.2885
753.4455
751.3225
757.298
902.447
982.481
1149.733
1386.3225
1568.9935
1728.4505
1723.716
1727.249
1882.07
1708.454
1649.3125
1693.3145
1546.3525
1657.6135
1830.3925
1969.218
2126.1075
2335.65
2375.5705
2272.7585
2103.301
1885.628
1561.2085
1285.621
1048.707
840.989
721.611
581.3395
560.697
530.7365
528.4695
520.771
519.876
441.8775
629.2665
723.491
848.8345
901.563
943.076
1042.4805
1160.9265
1227.92925
1012.0425
1384.151
977.5035
1314.523
1230.124
1096.9115
954.6615
830.958
756.5195
645.6345
566.6265
601.829
564.4345
523.212
489.3205
558.2875
667.7045
690.8945
779.525
935.201
874.1545
1323.7515
1012.956
1685.5775
1676.6765
1622.048
1684.489
1625.0875
1452.6215
1399.049
1500.5835
1288.812
1059.981
1031.493
676.171
983.1005
979.617
977.118
969.7925
1224.4995
1414.8315
1579.169
1685.7135
1711.784
1815.977
2029.5785
2108.667
2179.6655
2017.5295
1837.991
1534.384
958.7485
1120.991
1081.186
1036.844
1023.093
941.9455
955.7135
988.2955
998.6275
1094.2575
1262.3435
1221.775
1115.137
541.181
1232.2905
1344.08375
1502.958
1793.759
1906.808
2023.5465
2322.5095
2581.1035
2884.5145
3098.587
2645.839
2446.316
2104.7435
2022.4955
2170.677
1400.9115
2099.861
2311.2305
2353.4215
2430.1455
2486.277
2732.897
2702.7925
2532.354
2304.147
2258.2365
2277.767
2249.701
2379.7035
2523.8675
2648.499
2656.2585
2664.0465
2511.3525
2640.131
2610.5335
2313.43
2319.025
2320.434
2201.8155
2037.846
1875.0005
1773.584
1696.666
1580.3315
1489.754
1358.949
1312.677
1253.72
1212.52375
1149.925
1060.258
1066.0915
1180.6505
1297.4565
1347.4495
1300.9575
1339.955
1475.228
1415.916
1245.555
1219.1815
1149.115
1084.4315
1006.4275
1021.1695
985.3975
992.6955
932.5395
939.9275
985.2635
895.8115
829.642
779.1065
713.5435
709.017
711.345
741.563
769.749
774.0875
909.0575
885.9325
868.5245
907.698
889.7635
870.568
755.9305
604.831
509.981
412.446
357.7815
379.2855
396.239
413.5855
422.2715
423.614
445.534
533.378
610.328
714.264
747.714
810.088
866.823
892.719
919.227
995.0175
975.444
973.6165
952.1845
902.4055
841.039
837.4655
917.4885
981.1695
1066.646
1149.748
1191.073
1321.7865
1547.83675
1830.963
2189.314
2467.018
2764.6275
3073.156
3263.5215
3456.5715
3555.1385
3667.4445
3519.6835
3298.8025
3238.7545
3206.651
3041.2005
3057.15
3082.084
3126.7765
3065.908
2730.1095
2626.1295
2506.01
2340.604
2184.5075
2175.3895
2223.327
2188.126
2013.7715
2122.4835
2262.693
2379.3815
2536.462
2896.8385
3190.602
3265.383
3440.2655
3242.325
3150.182
2909.1635
2701.0255
2461.747
2453.6765
2395.415
2247.3915
1945.6205
1566.6685
1257.591
1081.3755
1062.8725
929.071
862.7075
990.2205
1101.044
1258.2145
1371.627
1391.361
1586.9575
1689.742
1825.5355
1805.929
1757.858
1748.3665
1906.916
1883.8045
1814.375
1465.277
1652.6425
1791.826
1853.849
2011.6645
2178.1595
1944.9025
1706.699
1815.4025
1742.152
1560.546
1488.5395
1537.4325
1572.345
1794.1065
1871.0405
1994.953
2017.846
1751.122
1510.373
1343.4265
1366.8835
1286.9945
1249.925
1155.9135
765.9095
986.589
867.851
880.0255
836.928
746.33
334.271
643.3965
654.902
666.491
612.5145
668.25
740.6575
804.911
839.932
826.0705
838.327
828.3125
794.73
697.669
661.516
613.157
626.727
656.403
592.2255
560.722
515.641
523.7715
524.273
383.701
508.325
575.036
705.116
885.8685
1049.0975
1328.6945
1477.605
1824.8615
2030.4265
2069.6475
2063.0005
1867.2375
1797.83
1713.122
1562.453
1480.2775
1387.57275
1392.7055
1312.3875
1161.0795
1142.3955
1143.051
1152.1885
1257.841
1461.2325
1406.725
1338.447
1315.9305
1282.4795
1406.2725
1423.0285
1518.5015
1607.523
1497.6775
1331.7025
1207.6095
1044.4175
918.3745
755.4465
641.25
489.309
433.277
400.6275
382.628
402.1235
412.517
504.0375
540.739
489.3995
495.067
601.905
762.855
892.6945
1028.8765
1190.6595
1285.8485
1521.945
1612.5405
1549.7035
1457.625
1402.7965
1415.368
1425.908
1656.0775
1824.96
1969.396
2060.4125
2220.6555
2211.7145
2194.0125
2258.941
2253.0035
2328.6745
2316.4115
2308.4025
2334.2095
2485.3465
2693.103
2708.2985
2731.5395
2605.888
2393.914
2183.556
1864.9935
1559.5195
1305.99
1366.921
1546.5075
1590.7225
1502.8485
1423.496
1533.637
1638.3215
1845.83
1743.015
1191.5595
1913.755
2390.2885
2646.0315
2654.9635
2651.836
2654.069
2714.677
2967.5205
3298.7495
3665.233
3791.07
3593.1395
3390.482
3198.642
2799.6305
2656.119
2601.68025
2460.8715
2183.8055
1817.1445
1399.9565
1233.386
1137.8015
1044.95
1011.442
1010.855
986.3425
1116.0095
1212.937
1190.901
1425.5425
1623.218
1753.6295
1812.5495
1835.1185
1752.713
1550.5365
1230.935
1327.0435
1217.9655
1145.0555
1063.269
979.9775
947.699
1008.187
1117.616
1269.727
1239.348
1236.9685
1229.932
1413.2195
1719.6575
1836.959
1864.1815
1814.4475
1875.7735
1843.9795
1772.596
1674.3765
1519.873
1367.369
1303.014
1314.136
1476.6545
1742.233
1781.086
1850.92
1929.7615
2074.397
2200.999
2282.9925
2252.208
2453.435
2708.226
2937.0395
3256.797
3369.07
3776.6755
4071.6935
4124.1805
4162.028
4150.4125
3943.6065
3587.6085
3069.569
3030.899
2816.1935
2809.469
2490.2785
2373.85
2322.8395
2207.963
2194.064
2207.8355
2200.622
2230.9535
2372.4745
2670.7755
2915.5325
3053.77
3173.564
3264.061
3496.4515
3638.7945
3662.6235
3182.251
2616.7445
2799.44
2637.47
2582.731
3049.4515
2959.6575
3296.6905
3627.571
3848.2065
3999.903
4247.053
4282.368
4603.111
5111.4435
6015.7675
6585.653
7525.987
7380.6115
7240.4655
7595.106
7594.128
7582.979
7300.9765
6891.481
7127.5215
6605.601
6280.6295
6168.2915
5840.7655
5480.0265
5279.417
5262.206
5266.612
5134.0585
5446.3125
5662.7535
6039.0355
6178.6245
6475.063
6881.1995
7326.348
8278.8625
8611.946
8478.3665
8266.429
8068.092
7392.922
6572.1375
6446.9065
6057.613
5694.0435
5501.7785
5555.3135
5684.7875
5692.6615
5482.4615
5230.626
4841.244
4014.3935
3978.5295
4333.3385
4412.622
5102.1595
5506.5225
5986.407
6043.684
5932.847
5573.6665
5066.219
4939.5835
4141.2235
3908.596
3639.784
3433.6465
3730.4965
3983.3425
3755.9585
3640.7105
3389.4895
3292.3585
3062.9955
2996.781
2702.8125
2908.5235
2899.426
3172.4255
4211.9785
4750.1615
5296.843
5433.8455
5603.202
5113.718
5004.021
5150.2565
5365.668
5586.0755
5263.167
4711.5645
4364.8195
4242.866
4068.5875
3639.6735
3086.6935
3067.5135
3078.9075
2723.822
2989.0345
2720.9425
2703.186
2867.193
3384.8905
3651.0095
3682.763
3711.079
3737.6845
3750.224
3692.8705
3850.8795
3765.6195
3772.536
4441.3835
4946.4495
5111.191
4882.3955
4694.6005
4036.693
3506.9705
3127.445
3031.7555
3172.0805
2999.999
2824.051
2672.5335
2688.412
2585.455
2408.0805
2248.5595
2281.3505
2081.963
2088.316
2179.048
2235.1675
2253.5555
2187.2825
2191.6195
2175.0755
2105.094
2019.554
1907.56
1944.2975
2189.343
2097.1445
1748.9695
1652.1485
1678.986
1494.6675
1459.3605
1360.7805
1267.4775
1183.9435
1209.2655
1291.307
1474.7835
1586.5815
1497.1395
1699.5935
1847.968
1970.929
2055.691
2056.744
2048.423
1888.489
1738.9785
1791.09
1825.7175
1639.556
1460.205
1482.2645
1710.338
1602.785
1582.5415
1894.165
1925.1955
1983.822
2234.6415
2412.6445
2812.153
3209.19
3773.513
3761.5965
3833.2195
3649.5335
3257.234
2847.4965
2462.2555
2157.0345
1993.694
1923.65
1846.828
1704.2965
1553.029
938.2305
1299.447
1218.015
1098.3215
923.2875
832.807
837.782
917.861
1017.1555
1104.4435
1259.9515
1438.6525
1623.398
1857.962
2023.0295
2049.67
1856.616
1790.7225
1971.7985
2097.965
2321.6595
2462.361
2745.559
2982.2815
3250.1725
3153.1635
2900.028
2725.865
2530.501
2288.7905
2139.196
2347.494
2631.3065
2621.3385
2629.289
2540.721
2741.374
2699.312
2562.805
2399.2475
2150.404
1827.1415
1474.345
1241.512
1116.572
998.148
971.7625
1021.6805
1043.0685
950.3515
960.642
1050.269
1077.818
1227.6985
1343.04
1497.437
1783.9875
1953.829
2143.122
2150.181
2342.1535
2172.377
1929.5105
1771.304
1841.8765
1875.5315
1834.0365
1858.978
2082.856
2291.9625
2236.926
2263.566
2318.7485
2649.6315
2538.358
2322.803
2313.2435
2274.924
2692.8465
2670.154
3294.8325
3349.3695
3650.4975
3817.524
2846.1135
4072.9945
4278.0125
4213.39075
3753.6405
3153.642
2769.116
2413.3495
2116.07
1972.218
1842.4405
1774.072
1672.9075
1756.088
1880.945
2000.3725
2097.4745
2187.0515
2707.8675
3074.5795
3204.672
3093.715
2954.4335
3224.7395
3506.411
3788.7625
3977.733
3736.6625
3123.9575
1590.4835
2046.042
1855.978
2565.1905
2829.156
2816.7075
2618.836
2714.7765
2991.7905
2984.692
2784.8605
3101.6875
3082.5835
3159.163
3367.3075
3375.9215
3633.234
4214.1585
4521.7335
4537.1025
4580.936
4408.4025
4284.127
4141.768
2883.4885
2834.938
3278.6455
3100.6955
3086.0015
1945.8545
2821.7205
2473.784
2054.653
1853.7385
1919.2755
1709.0715
1433.5465
1359.355
1366.871
1409.166
1467.9085
1780.247
2019.206
2326.208
2753.0485
3446.773
3823.3015
3786.7315
3980.6985
4436.5025
4856.541
4814.4655
4594.626
4418.498
4600.179
3110.1035
4725.714
4865.1515
3206.8285
4969.296
4679.949
4322.997
4396.6285
4661.307
4634.906
4248.493
4263.982
3539.0535
2991.829
2411.2395
2134.6815
2095.665
1980.9635
1868.9135
1726.113
1576.44
1643.894
1491.2695
1292.2075
1111.079
1063.919
1160.1855
1355.8145
1361.2715
1289.626
794.3005
617.501
964.497
1914.1075
1998.7465
2231.2975
2274.955
2131.482
2245.994
2052.121
1953.746
1719.2535
1721.7115
1757.772
1869.034
2082.4805
1830.995
1874.327
1949.3345
1936.666
1926.995
1969.3835
2167.1175
2258.2735
2490.922
2866.614
3114.9395
3316.599
3620.2175
3928.1095
4145.265
4931.83
5102.484
4904.6045
4704.374
4614.3475
4450.4135
4393.459
4193.9855
4240.1625
4521.2135
4607.719
4886.659
5100.6295
5263.2115
5306.508
5628.035
5992.8375
6005.31025
6194.476
6575.222
6894.4285
6790.6205
6977.946
7225.2195
7548.539
7200.4465
7062.4345
7228.3115
7221.504
7053.3855
7059.819
6761.2705
6424.423
6171.457
5965.07
5506.4145
5571.123
5202.616
5355.3785
5699.2705
5806.8715
6383.9685
6697.172
6920.745
6519.071
6563.863
6489.521
6295.4895
6607.321
6339.525
5719.956
4954.4345
4509.119
4400.8475
4397.413
4731.0075
5084.7935
5136.9535
5078.008
4671.3095
4688.1155
4458.8645
4043.5935
3817.4035
3988.652
4363.7005
5028.5645
5878.119
6342.9775
6291.5175
6250.7865
6619.9025
6906.289
6856.5745
6638.2835
4174.4005
6033.4685
5997.9965
6218.504
6310.4305
6304.7975
6230.7595
6201.686
6227.3165
5982.439
6016.9785
6201.6645
6130.3295
6763.0095
7211.79
7736.958
7805.677
7420.417
7305.148
7269.496
7108.414
6396.6175
5843.205
5236.2215
4599.627
4093.37525
3990.705
4102.8735
4225.452
2695.134
4294.321
4674.688
3035.879
4906.3015
5357.233
4930.225
5187.5255
5509.1035
6105.873
5952.1065
5934.751
5492.606
5202.529
4823.372
4452.099
4016.2435
3534.6965
3478.8985
2808.3045
2375.384
2081.399
1523.021
1071.658
860.916
803.308
696.61125
575.2785
648.124
462.6385
492.3515
484.7855
484.3725
472.758
445.142
482.9745
492.385
516.9575
543.282
705.557
727.3075
803.3805
924.59
934.631
905.27
913.2975
962.2615
893.6425
788.531
762.8805
756.746
663.139
614.998
582.631
593.5995
621.4685
662.5365
731.3205
943.713
1238.67
1670.452
2206.956
2965.1815
3428.512
3665.059
3891.767
3877.9665
3749.5695
3847.2365
4590.2195
4801.9205
4677.0335
4178.792
4625.784
4910.5505
4909.2225
5128.7125
5023.5455
4590.079
4364.624
4194.1665
4277.8065
4393.5235
4782.6835
4822.442
4429.5655
4292.4455
4151.7115
4186.9795
4152.9325
3862.7155
3458.585
2986.3505
2548.7365
2184.0755
2145.686
1962.126
2012.8735
2175.6925
2008.026
2055.467
2355.4985
2636.4625
2896.998
3177.675
3711.6015
3670.556
4034.733
4888.492
4940.3275
5408.1325
5724.2245
5954.865
5937.15
5664.759
5742.917
5710.5105
6298.0845
7245.498
7612.7565
7218.6145
7235.466
7758.245
8053.483
7988.9505
7898.8895
7754.466
7547.9695
7573.558
7616.059
4883.605
7489.8905
7314.701
7441.5545
7422.1795
7471.9555
7104.19
7222.274
7225.201
6802.1985
6621.1495
6644.7435
6474.166
6610.661
6854.3015
7093.888
7007.591
6773.046
6635.0655
6401.776
6122.9055
5614.062
5311.49
4676.9775
4023.294
3769.127
3670.246
3495.1645
3191.515
2964.292
2700.2695
2377.8065
1897.343
1393.832
1096.5485
897.78
877.234
932.4075
1016.227
1149.304
1445.9965
1214.8635
2189.737
2701.912
3336.0925
4204.1395
5429.3515
6878.4605
8168.6395
9030.0835
9918.4045
9753.5985
9535.385
9023.6385
8147.6115
7537.48325
7274.7935
7069.857
7088.861
6923.1205
7218.483
7663.943
7097.784
7547.242
7480.2865
7521.95
7242.1785
6887.5895
7577.5155
7705.7315
7750.4555
7994.2125
8017.9415
7953.0805
8062.1265
7835.945
7332.7845
6855.4525
6284.678
5577.833
4784.9675
4321.33
3759.607
2973.2805
2750.7435
2517.511
2471.254
2282.651
2075.5585
1846.856
2027.599
1891.8625
1988.818
2319.1285
2843.334
3467.3835
3868.089
3996.225
4223.105
4446.5465
4501.6985
4586.568
4399.9915
3985.193
3248.649
2769.863
2830.1255
3096.8705
3041.2095
3126.857
2931.949
2791.1265
2363.9045
2126.0795
2280.6705
2582.912
2548.5935
2807.703
2591.0415
2826.824
1202.881
2379.658
3872.9935
4411.456
4771.506
5007.2465
4948.126
4993.9805
4534.246
3863.6805
3338.8665
2995.1875
2812.961
2721.6475
2493.3815
2193.2935
2018.5635
1830.2635
1695.0275
1552.269
1478.368
1195.514
945.026
824.4195
771.834
727.3155
709.9365
678.5125
619.127
605.77
607.128
597.5665
573.1715
535.7615
536.5165
559.298
597.735
640.4065
626.18
724.05
853.575
1094.2175
1228.57
1360.0905
1520.248
1728.242
1781.3485
1880.405
2305.712
1792.5005
2740.189
2252.2215
3560.17475
3645.125
3803.1805
3770.8155
3506.3685
3089.783
3201.5405
3456.7705
3526.818
3507.791
3493.68
3424.922
3470.435
3412.289
3242.025
3094.0895
3015.2265
2930.4345
2857.6175
2671.1275
2490.9415
2364.301
2271.02
2309.96
2401.3195
2497.0345
2619.7335
2651.189
2494.8335
2221.185
2307.2365
2188.6515
2225.085
2359.6605
2503.918
2667.2295
2820.356
950.829
3064.465
3456.494
3740.0755
4144.6365
4424.5135
4549.668
4994.2035
5066.6605
5084.629
5314.5125
5287.3675
5309.031
5240.724
4956.7785
4228.8955
3605.956
2973.885
2666.292
2325.729
1890.711
1748.7025
1588.4835
1569.686
1682.604
1847.3775
2197.0535
2374.744
2261.9955
541.461
1561.5585
2491.7285
2715.117
2699.5055
2598.552
2594.6245
2535.017
2688.474
2722.365
2721.0265
2554.0225
2180.841
2038.0645
2023.6595
1861.1195
1717.806
1720.878
1990.394
2044.9035
2171.85
2221.866
2300.052
2385.5795
2393.6795
2351.2745
2342.784
2378.5065
2494.3225
2679.411
2807.412
2978.351
3162.472
3204.9295
3275.896
3237.019
3077.4755
2981.8345
2791.1845
2819.4985
2745.5955
2760.462
2714.631
2732.039
2766.344
2764.3665
2522.301
2320.6935
2613.078
2434.9065
2202.835
2198.7995
2311.358
2495.9165
2703.8485
2684.8445
2679.1925
2999.2085
3224.5725
3153.5485
2974.3125
2965.9735
2827.999
2812.107
2899.374
2882.1105
2813.453
2813.371
2810.8185
2536.9325
2222.211
1987.4255
1739.4005
1676.042
1880.0355
1932.546
2133.2515
2260.05
2640.3815
2987.656
2421.8295
3781.1955
4155.9855
3973.1765
4381.1385
4383.1885
4378.69
4661.067
5031.8665
4881.365
5081.7035
5272.0385
5359.2305
5811.583
6144.8565
6257.8775
6124.659
5590.148
5309.558
5533.1925
5778.2565
5974.3935
6486.247
6763.95
6806.872
6345.5055
6118.1005
5806.039
5436.702
5327.7065
5156.261
4518.5185
3922.025
3647.652
3695.4375
3283.584
3285.1045
3230.8065
3515.946
3534.8415
3685.7725
3531.131
4328.649
4534.924
4242.6795
4415.5875
4533.988
4757.9655
5033.7945
5089.422
4828.8105
4804.457
4840.281
4595.235
4728.4355
4518.5185
3922.025
3543.365
5516.58
3439.147
5637.469
5785.926
6247.726
5339.9035
7123.0665
7395.793
7677.4045
8127.6855
8396.02
8908.66
9149.5325
9228.589
8726.0225
9016.5195
9038.091
8902.17
8657.546
8378.4205
7923.993
7561.007
7161.022
7201.593
7206.246
6924.66
6997.1575
7107.6105
7044.528
7322.6805
7994.8455
8109.7185
8201.8205
8222.6335
8314.6565
8346.8635
7966.366
7825.71
7878.5745
7759.9755
7687.2145
8041.461
8596.761
9163.5265
9719.6795
9316.6395
9121.404
9175.775
9490.3455
9490.927
9202.0965
9049.5745
9304.447
9676.7985
10122.984
10156.624
10115.2945
10023.8
9726.2165
9409.182
8834.774
8632.8745
8777.1575
8929.025
9126.515
8828.9055
8545.922
8147.337
7879.1715
7632.1455
7195.0685
6773.3285
6618.55525
6561.382
6729.3775
6726.5445
6600.707
6415.5285
6220.9195
6028.3965
6019.539
5940.936
6054.757
5869.3665
5393.899
5162.072
4931.122
4453.8615
3611.552
3384.5955
3810.503
4042.5965
4721.4905
5006.146
4999.988
5209.1035
5360.663
5299.7405
5310.4815
5232.0305
5235.055
5656.0635
5955.0865
6046.5775
6327.155
6857.8185
6858.6035
7012.228
7132.5455
6659.717
6221.7145
5804.953
5426.0425
5212.6845
4793.4835
4666.01775
4784.9555
5170.2165
5423.414
5433.9005
5634.636
5690.3605
5759.4165
5680.265
5708.735
6208.8065
7056.381
6979.4005
7270.736
7567.255
7754.7525
7539.712
7294.0885
7296.2095
7178.3055
6431.899
6275.1305
5945.7505
5573.941
5839.1555
6147.75
6449.5255
6298.7575
5693.254
5132.2805
4204.8155
3643.3215
3157.131
3168.354
3065.4065
2659.242
2522.474
2527.6255
2578.4435
2754.145
2817.904
2942.786
3043.821
3195.9705
3283.3585
3374.3095
3956.572
4430.068
5347.9685
5989.258
6243.861
6205.3475
6318.92
6393.2245
4316.328
6687.4495
7023.299
7768.1825
8243.478
8784.5475
9232.6775
9387.0795
9361.87
9071.3155
8777.3595
8764.9125
8694.003
8092.957
6872.8845
5858.8435
5282.591
4977.54
4924.6795
5175.806
5133.995
5106.7735
5257.038
4812.5065
4339.448
3920.645
3554.6245
3432.109
3800.1655
3995.438
4051.861
4357.677
5014.3335
6203.067
6437.0225
6763.8195
7385.898
7879.682
8080.087
8447.885
8306.9405
7915.084
8313.688
8541.572
8470.506
8741.8385
8498.472
8423.0755
8120.6445
7767.0325
7519.6505
7928.9815
8152.85425
7996.8825
7857.975
8047.179
8796.837
9378.078
10301.0605
10731.9035
10589.2855
6627.3115
10677.058
10334.8945
10084.4255
10086.52
10036.2565
9365.223
8387.8575
7762.409
7635.382
7613.4375
7538.3415
7086.527
7627.265
8475.06
9135.2395
9742.829
10496.0455
10267.6185
9081.6495
8089.0975
8215.418
6209.0835
10238.3865
11048.4925
11534.0225
11375.7915
11032.8385
10824.1655
10569.1595
9824.7425
8786.731
8183.412
7842.6175
7453.9445
7004.897
6631.8055
6669.0655
6528.331
6583.984
6620.304
6593.285
6606.379
6782.4835
6654.7495
6431.034
6222.2005
6397.997
6757.192
6063.6555
5878.41925
5863.597
5921.948
6241.906
6968.2285
7268.341
7993.0045
7698.068
8343.944
8655.837
9104.1045
8818.8005
9183.7585
10231.439
10497.041
10622.1605
10857.235
10766.8735
10901.638
10876.5455
11136.5375
11259.022
11373.712
11117.284
10444.1275
9985.035
10213.517
10176.9025
9790.484
9070.1595
8623.8435
8359.3885
8340.083
8010.724
8192.519
7958.375
7428.2355
7154.0215
6816.885
6862.2975
6543.991
6388.095
6431.254
6127.9215
5303.9905
4644.355
4072.3545
3543.511
3083.5155
2875.9405
2776.2935
2762.951
2629.046
2581.426
2537.7015
2409.69
2408.6095
2482.7595
2701.988
2888.033
3179.967
3295.599
3641.3515
4176.88
5078.0765
6024.7445
6882.026
7455.962
7729.9185
8081.7075
8929.2085
8952.939
8912.6185
8761.621
8481.3365
8094.7115
7706.132
7182.5655
6951.686
6547.92
6158.081
5938.466
5636.1975
5419.24
4903.8925
4405.439
4092.067
3717.2365
3771.388
3936.507
4016.7165
3871.9785
3850.747
3676.37
3350.2535
2755.775
2261.0705
2134.288
2053.3025
2030.397
2122.3675
2117.9405
2295.1345
2371.6305
2373.4495
2614.7375
2733.3885
3056.004
3328.172
3689.3545
4573.791
5486.85
5794.655
5923.109
6120.8705
6049.358
6006.5165
6101.4515
6928.485
7473.558
7889.307
7814.892
7829.695
7792.696
7108.6315
6515.144
6452.6765
6589.0245
6515.7165
6570.2915
6690.9895
6665.8535
7605.144
7953.225
8091.979
2140.309
8395.7615
5372.0925
8353.0435
7804.644
7162.396
7178.639
7082.825
6640.247
5931.537
5379.5515
5390.7535
5468.573
5429.717
4773.181
4065.9875
4025.77
3909.718
4285.0735
4300.9205
4122.11
4398.091
5433.663
5637.5315
5953.307
5834.8355
6288.4735
6742.9115
6452.665
6339.3685
5894.149
5625.5095
5370.887
5235.3505
5277.16
5637.694
5385.5535
5784.4945
5919.03
5504.956
4818.756
4472.6865
4038.812
4187.148
4068.2645
4018.929
3883.4645
3796.484
3711.392
3466.479
3435.1395
3380.0155
3243.1675
3183.192
3093.7765
3052.238
2996.501
2775.9205
2849.44
2700.131
2618.5275
2534.08
2556.198
2627.6945
2779.577
3062.032
3369.065
3742.1575
4011.5955
4417.9365
4522.48
4839.132
5001.498
4809.1445
4706.4935
4695.5665
4666.075
4629.8765
4674.0315
4885.061
5237.3515
5251.889
5348.166
5077.261
5050.077
4796.4785
4591.0025
4894.935
4783.848
4640.5475
2994.7875
4341.2225
4558.461
4311.7115
4441.9095
4967.845
5542.7515
5785.7305
5945.3875
5966.0935
5809.12
5482.3995
5757.3315
6021.2655
6394.9355
6911.966
7367.2035
7887.364
7512.8155
7237.844
6908.447
6663.3665
6692.6155
6358.9215
6141.036
6214.41
5940.582
5472.0795
5079.9745
4636.1845
4266.7705
4308.3
4394.791
4316.9285
4209.874
4214.292
4405.3735
4568.0215
5375.43
6161.9665
6391.1655
6217.458
6335.5245
5888.164
5866.613
6499.0195
7124.171
7203.2725
7299.7235
7496.2165
7491.0915
7808.215
7905.9675
8482.1815
9263.4325
9501.3465
9631.7985
8993.3185
8630.479
8811.095
8758.62
8937.9335
8908.8315
9086.8315
8460.125
8322.013
7630.5715
6958.439
6367.691
5698.213
5012.4385
4658.618
4239.393
4039.2495
3642.0905
3484.8235
3719.152
3586.904
3881.599
4157.176
4667.9675
5031.072
5515.916
5767.3715
5784.3825
6121.669
6313.2435
5923.587
5696.654
5637.931
5737.1085
5765.514
5615.8055
5594.726
5310.5955
5101.4065
5159.1375
5135.6525
5243.4915
5016.727
5248.8845
5489.5245
6025.274
6087.199
6115.4855
6308.534
6442.64
6694.9615
6796.7955
7172.3045
7170.202
6529.5435
6017.678
5698.443
5449.5725
4960.829
4558.69
3554.615
2902.9405
2717.8215
2660.5765
2612.4495
2544.667
1566.1185
2660.529
2439.3955
2293.1465
2212.971
2285.173
2546.0695
2571.7135
2541.021
2767.771
2904.58
2747.3945
2432.1825
2251.0565
2160.084
2063.758
2048.912
2064.16
2032.149
2207.8045
2405.615
2508.7525
2776.189
3310.006
3348.2105
3364.53
3405.299
3499.2925
3734.0455
3894.4505
4467.9775
4871.462
5333.6525
5756.74
5611.2225
5267.328
5079.081
4916.746
4708.7615
4506.4645
4379.668
4215.725
3974.098
3886.5125
3906.944
2462.5645
4097.319
4279.496
4659.7005
4936.178
5180.7535
5374.2525
5197.548
5044.158
5071.5305
5612.164
6031.822
5965.684
5907.435
6343.7655
6588.5395
6718.328
6759.8465
6956.5025
6755.9215
6452.3345
6136.7285
5826.086
5663.859
5540.9285
5540.6455
5560.8515
5710.9505
6318.191
7093.886
7006.8035
7054.5245
7288.093
7674.745
7958.4315
7795.7885
7472.438
7691.91
8063.366
7623.154
7291.78
6796.9935
6551.8285
6227.221
6014.324
6068.372
5879.3995
5704.9565
5521.637
5354.0375
5281.1435
5533.131
6504.7655
7098.28
7529.27
7593.8405
7436.297
7512.918
7540.966
7279.227
7158.32
7198.931
7114.184
6985.6945
6909.9265
6499.6825
5749.171
5299.1165
5034.0925
4746.751
4626.118
4443.7235
4316.02
4310.162
4253.147
4648.688
4859.0345
5097.6345
5217.862
4944.739
5171.713
5313.672
5816.25
5970.954
6245.423
6510.362
6872.482
7041.706
7476.1835
7538.585
7375.943
7417.449
7192.1015
6837.384
6704.285
6620.811
6855.8125
6968.5375
6613.533
6840.903
7361.97
8108.616
8187.6145
8339.2975
8713.116
8873.532
9154.3995
9770.7745
9103.12
8140.272
7723.392
6727.03
5594.8855
5021.3615
4645.779
4606.055
4662.4785
5130.0735
6101.4545
6966.642
7107.451
6896.953
7342.297
7978.351
8505.7075
9302.9625
10018.5425
10374.927
10580.8765
10704.9545
10958.58
10840.248
10864.705
10609.241
10788.387
10963.59
10891.733
10738.3045
10486.7115
9988.9505
9159.9225
8480.743
7955.1745
7712.0055
7430.0185
6871.808
6404.6055
6019.0915
5733.209
5294.62625
5179.2125
5230.702
6011.1425
6484.5585
6177.1625
6483.9395
7649.8895
8970.8985
9538.914
8932.0575
8939.6145
8854.3335
8872.995
8466.384
7053.762
6816.79
6284.647
6103.5935
3556.2595
4483.656
3680.8145
3036.129
2409.865
1933.431
1780.278
1903.3275
2075.282
2397.437
2483.19
2329.6345
2279.5525
2403.065
2856.738
3034.7405
3101.2985
2994.9375
3070.01
3213.384
3259.506
3414.1175
3306.41
2938.128
2932.6955
3111.05
2870.644
2866.488
2654.023
2745.3765
2889.1775
2946.047
3068.595
2989.2695
3005.069
2905.0155
2831.629
2603.4835
2527.2005
2658.3595
2641.5425
2551.911
3046.4545
3200.3195
3442.5295
3494.4795
3762.307
3842.817
3991.9455
4159.3355
4592.9605
4895.171
4935.667
5351.711
6043.959
6305.484
6483.606
6661.3735
6807.315
6980.323
7270.024
7147.186
6843.709
6490.561
6293.615
6550.1795
6201.751
6102.83
5625.6605
5169.2675
4555.603
4381.713
4204.586
4025.958
3643.5995
3293.339
3086.4065
2950.652
1786.386
669.666
1829.014
2995.5365
3042.1145
2913.26825
2899.6055
2829.686
2758.966
2766.8455
2704.2945
2857.9445
2808.523
2688.5575
2641.803
2702.9435
2417.2525
2554.473
2523.841
2413.1835
2303.11
2395.8325
2369.679
2323.447
2012.817
1958.512
1869.6835
1892.223
1976.783
2037.0645
2010.587
1851.987
1624.026
1637.4515
1641.6215
1675.338
1741.5005
2014.3395
2390.005
2616.0915
2876.06275
3055.2505
3051.421
3222.9845
3393.071
3837.3905
4381.567
4678.9205
2710.7525
4506.2815
4666.7845
4469.8935
4433.2895
4555.8675
4201.6605
3764.788
2878.8285
2206.121
1816.7425
1699.224
1851.287
1772.636
1856.534
1917.6875
2244.3305
2570.039
2903.7615
3045.6835
3278.963
3606.3755
3782.1675
4054.7385
4287.6045
4426.3
4492.1445
4841.325
4716.616
4932.9465
5002.4045
4626.8465
4404.22
4076.593
4222.333
4383.7075
4502.9765
4398.798
4281.166
4396.463
4265.607
4324.076
4669.12
4842.577
5130.118
5288.7215
5534.1945
5956.0945
6165.9325
5968.6675
6279.431
6690.218
6867.9725
7132.5385
7078.97
7420.6725
7568.545
7569.295
7548.5125
7924.261
8400.9975
8746.575
9004.9795
9401.1555
9379.4755
9220.6285
8897.146
8836.017
8441.013
7912.001
7564.6505
7336.1395
6904.558
7076.418
7309.0425
7638.081
7598.916
7625.706
7535.003
7503.128
7712.462
8221.758
8709.1935
9206.7165
9322.046
9053.129
9077.347
8608.4155
8826.505
8744.984
8982.078
9150.9865
9314.798
9783.4945
10023.8285
10228.2075
10947.049
11134.5495
11364.1035
11536.127
11610.241
11663.006
11453.2255
11238.969
11434.0465
11447.7385
11272.762
11497.44
11129.9465
10612.8385
10461.678
9836.9075
9683.6715
9500.17
9335.1655
9414.0715
9196.34
8600.5435
8361.896
7931.0865
7732.0565
7795.2135
7543.932
7426.2975
7427.588
4495.758
7081.9905
6837.3765
7214.2805
7419.0965
7686.2425
7915.6155
7821.011
8277.172
8159.6995
7828.0595
7531.049
7370.6205
7236.837
7234.954
6804.819
3960.078
5889.297
5849.317
3410.919
3012.9705
4362.438
4420.732
4438.6495
4537.917
4740.599
5172.0565
5703.9545
5933.012
6316.022
6714.4285
7195.28425
7601.691
7594.435
7689.614
7659.6635
7629.4545
7827.969
7731.5845
7451.6775
7532.8355
7591.7865
7615.8545
7669.3775
7820.386
8097.588
8841.668
9604.4715
9557.3035
6109.922
9839.486
9732.4015
9480.548
9264.035
9104.3695
9209.051
9070.9115
9045.4245
9131.9975
9307.823
9420.35
9418.178
9301.518
9167.131
8996.108
8895.571
8659.429
8127.5965
7864.72
8131.398
8192.466
8508.2235
8175.512
8092.532
7905.8755
8094.353
7928.631
8009.2845
8426.696
7972.925
7408.328
7190.6745
4243.423
1753.986
1700.904
6484.1705
3932.691
6453.332
6137.512
6004.7175
5876.452
5259.757
4764.0745
4349.4925
4176.1885
4009.588
3669.886
3802.4695
3591.3605
3258.344
3210.508
3505.7245
3752.796
3943.5385
4194.11
4469.5815
2787.5845
4348.7355
4418.9415
4285.173
4197.9285
4311.577
4308.7545
4386.399
4406.086
4280.139
3875.102
4294.7615
4406.3365
4295.6815
4461.4065
4094.9115
3907.241
4293.499
4618.2055
4713.697
4822.539
4878.4395
4863.0555
4152.921
4148.4265
4145.163
4466.2845
4607.973
4621.1235
3051.5045
4958.368
5058.5545
4974.577
4890.849
4701.6795
4541.637
4480.066
4401.41
4164.176
3992.954
4158.0995
4267.337
4090.517
3988.8605
3847.367
3800.059
3536.738
3431.478
3297.098
2980.442
2998.6215
3285.163
3431.7
3442.3075
3658.638
4133.2085
4364.9115
4403.464
3133.519
5362.447
5480.213
5293.1335
5129.6035
5099.7445
5495.2055
5495.7885
5174.771
4845.158
4348.84
4091.177
4255.013
3828.0135
3539.6
2913.304
2586.5695
2474.979
2366.7095
2297.809
2475.304
2779.798
2759.756
2599.435
2494.421
2475.9275
2603.3575
2559.0915
2516.183
1828.9255
2944.5745
3730.6635
4295.9155
4715.5895
4808.798
4801.6455
4712.643
4794.36
5238.748
5251.226
5129.807
5204.5875
5029.0345
4494.683
4396.5915
3664.8715
3094.127
2840.058
2320.2505
2033.63
2090.6605
2083.616
2246.007
2534.0475
3273.28
3915.9685
4795.273
5632.636
3813.877
6773.874
6682.3295
7145.958
7421.4425
7219.7305
7402.0815
7361.394
7670.108
8031.844
8341.1575
8651.416
9443.0215
10247.4275
11057.0165
11122.931
11197.934
11351.95
11057.5745
11108.72
10879.9495
10917.234
10785.6415
10727.0825
10601.3475
10171.599
9772.201
9406.9695
8961.047
5508.3955
8082.1475
5042.851
7570.3025
7471.0485
7531.449
7609.923
7224.531
7342.2495
7128.952
6941.956
6324.456
5494.021
4604.6895
4405.1035
4227.604
4051.702
4240.9625
4474.4545
4378.6505
4473.2565
4322.161
4059.843
3863.0035
3762.067
2374.533
3613.405
3847.437
3916.603
2534.71
3805.7665
3636.3835
3267.51
3281.125
3168.492
2751.737
2496.2775
2452.2885
2624.2095
3142.0175
3529.536
3841.5935
3853.496
4058.347
4393.526
4479.2835
4444.1205
4517.01
4818.2015
4796.4425
4639.168
4889.394
5488.1765
5777.812
6087.0765
6970.6775
7380.332
7587.185
4785.2055
7747.813
7786.184
8464.9905
5601.83
9616.9635
9836.8305
6066.406
10052.7615
10406.5015
10376.071
10503.0635
10024.8995
9879.473
9349.173
9123.287
8912.2655
8984.578
9364.005
9695.3705
10309.82
10732.337
10934.331
11042.0895
10750.2985
10257.9905
9630.104
9646.933
9159.1335
8371.575
7786.588
7223.926
7452.1415
6687.2505
5893.78
5488.6965
3334.388
4716.3965
4508.4595
4773.5675
5114.6835
5630.4645
5388.3325
5477.75
6356.493
6870.802
6900.9055
7321.946
7677.6235
7771.814
7246.4735
6881.4575
7053.615
7122.3955
7349.1185
8515.6835
9437.572
9721.782
10052.0685
9936.7405
9479.559
8984.0085
8666.2395
8797.38
8795.0615
5507.392
8906.76
8979.8755
9270.3855
9077.7995
9423.579
9851.6525
10301.6375
10779.8715
11166.775
11257.8725
11451.521
11370.2505
11299.2205
11521.0275
11646.331
11628.4715
11536.1135
10884.4025
10069.9105
9685.8135
9365.583
9162.877
8657.5345
8146.916
7945.996
7346.687
6623.9525
5458.1635
3304.0275
5074.5775
5529.9395
5340.62
5647.7265
5825.2925
5504.6995
4914.3185
5032.686
4921.9735
4560.877
4703.5825
4604.61
4497.329
3946.251
4064.9285
4395.5365
4691.3445
2858.283
4555.328
4654.76
4648.262
4735.3315
4860.002
4962.8555
5266.67
5639.749
6141.034
6323.013
3828.7145
5741.8995
5900.612
5831.0205
6504.4375
6490.154
6844.4675
6876.201
7058.6815
7144.6355
7115.526
6916.3415
6760.4085
6825.9805
7124.888
7361.899
7526.735
7522.995
7803.1435
7681.982
7873.7855
8278.241
8346.593
8434.219
8402.9375
8426.437
8275.6045
8166.4325
8280.3715
5118.673
8129.7495
7604.032
7090.7305
7286.9545
7198.7195
7312.4415
7318.2025
7652.7325
8011.833
8109.942
8493.3075
8697.6
8405.373
5188.159
5105.3055
7785.543
7995.404
7601.6165
6689.839
6270.1465
5851.267
6216.4455
7062.6285
7633.3545
7704.0625
8083.9265
8223.5495
8390.2145
8448.762
8707.87
8634.848
8567.7385
8856.8855
9020.134
9372.7095
9892.291
9860.2475
9783.0405
9957.361
10265.9035
10153.388
9967.6095
9713.706
5819.2135
9031.3585
9108.385
9291.304
9266.0895
8753.359
8650.6275
8103.3015
7729.1345
7473.426
7114.248
7002.035
6751.2685
6317.628
5904.6625
5655.614
5832.955
5840.2215
6329.1005
6643.774
6967.5665
6845.4975
7208.512
7405.242
7591.5045
7855.2815
8002.276
7634.6255
6146.967
3322.0175
4740.2045
3993.9335
3404.1255
3100.4755
2583.2865
2201.3645
2022.088
2146.681
2295.2655
2426.69
2743.9935
2982.521
2876.275
2930.753
3102.163
3492.391
3518.282
3541.3985
3513.4825
3606.7245
3652.7625
3791.2945
3723.639
3833.354
3924.049
4273.118
4448.3675
4280.685
2693.15
4556.269
4882.997
5081.598
5337.9525
5542.5485
5531.344
5494.174
5386.014
5558.1645
5745.4
5951.731
6037.5015
6535.029
7194.29
7764.338
8128.252
8219.5125
8249.861
8387.257
8607.332
8713.177
5063.3415
7300.633
6298.548
6099.315
5909.9955
6016.5375
6637.848
4188.69
6538.7565
6306.598
6179.9865
6012.9575
5607.2985
5821.4555
5842.606
6097.2575
6682.699
6794.7285
6966.4135
6557.519
6373.0405
6551.265
6807.8215
6781.751
6592.2775
7085.6725
7370.521
7353.7085
7359.9545
6889.089
6741.8845
6784.7675
7070.9745
7715.685
7466.224
7141.7935
4887.874
8425.036
8609.557
8353.0555
8616.684
8660.04
8424.386
8650.998
8775.444
9113.307
9294.763
9234.3825
9090.6825
8785.8085
8546.9955
8892.072
8798.568
8838.866
8899.57
9113.815
9502.7995
9719.6295
9724.5165
10159.684
10303.106
10451.741
10697.5035
10730.988
10570.413
6421.702
10572.9735
10310.899
9790.0265
9206.359
8851.3325
8170.889
8134.455
8537.075
8837.6275
9246.118
9346.3345
9488.953
9435.848
9521.386
9392.5185
9346.8225
9033.358
8657.593
8451.546
8264.4615
8064.786
7910.59
8075.437
7657.0135
7413.8655
6969.0655
6539.003
6279.3315
3411.14
5075.7655
4435.7885
3912.7945
3792.55
3464.689
3443.9235
3386.976
3584.492
3820.8225
3642.1435
3414.441
3205.854
3049.3165
2934.955
2716.379
2698.1905
2662.667
2782.6035
2893.141
2878.014
2940.0515
3077.354
3073.298
3058.138
2975.055
2906.7205
2839.55
2698.9615
1730.9145
2568.938
2589.9225
2638.7445
2814.3795
2834.438
2911.0955
2876.9705
2833.6475
2723.7355
2636.7935
2593.1015
2508.7965
2790.925
3211.893
3527.5255
3694.1975
3607.1915
3668.9805
3478.4645
3415.7085
3217.188
3151.8945
3202.604
3257.02
3531.189
3870.15
4030.9465
4256.5225
2735.726
4356.097
4132.993
3737.851
3255.559
3066.2235
2889.6295
2701.229
2847.1625
2853.7725
2793.643
2947.3355
3009.5615
2850.3505
2872.739
2891.9805
2753.4335
2734.3475
1862.08
2961.49
3246.937
3502.0935
3645.202
3743.652
4060.812
4417.3245
4599.9455
4684.3835
4527.969
3080.9875
4866.2055
4936.7995
4806.136
4817.3475
5084.544
5168.795
4913.981
4867.7325
4994.659
4863.1325
4603.1865
4385.823
4229.194
3796.8605
3752.674
3288.324
2922.8745
2802.465
2674.7405
2728.0575
2667.7205
2415.671
2021.785
1842.0445
1691.3915
1597.2505
1503.408
1586.5195
1157.633
1827.8035
1696.085
1720.773
2013.834
2589.175
2774.1675
3309.368
3356.589
3612.153
4251.834
4839.044
5604.4465
6667.066
7920.905
8747.9915
9307.646
10067.6365
10424.0785
10864.308
11176.6755
11476.349
11817.1695
11385.3715
11111.3095
10574.767
9813.272
8738.794
8294.8745
4987.249
7901.0965
7754.5055
8170.901
8498.161
9324.4935
9619.078
10090.575
10640.868
11199.498
11640.327
11701.6695
7419.806
12276.411
12344.057
11755.3615
11603.264
11435.811
11101.279
11893.8435
12640.564
12641.577
12093.5365
11837.9605
11289.6915
10471.3525
9940.8155
9899.134
9752.0535
5874.4395
10058.638
10267.634
9562.323
9406.0765
9342.7915
10011.046
10467.459
10458.049
10764.89
10586.5995
11129.6845
11636.8545
11531.993
11750.2355
11891.1855
11920.4765
11889.5675
11523.077
11143.7895
10740.611
10654.488
10574.4965
10240.5845
10063.4365
9589.0975
9354.827
9702.2145
10308.461
6466.8395
11059.614
11232.693
11404.076
11477.8295
11308.2665
11325.505
11077.839
11125.3355
10728.5035
10919.6905
11158.962
10204.754
9543.7965
9040.646
7795.755
7197.488
6789.399
5795.146
4909.0305
4923.1265
4539.0115
4898.84
5399.877
5626.9475
5956.239
5859.772
5978.27
5756.919
3512.185
5879.761
5810.767
5555.541
5013.844
4637.584
4202.1165
4109.0955
4256.356
4237.472
4471.0405
3868.3315
3804.71
3942.698
3845.6755
3716.9355
3728.104
4048.467
4537.9645
4794.116
5407.8925
5597.703
6119.0275
6527.6865
6709.7255
6660.43
6826.199
6922.2295
7147.1535
4239.588
7500.9135
8015.6695
8595.732
8645.2925
8850.182
8625.034
9223.1015
9702.0155
9665.446
8601.6325
7745.466
7070.226
6561.4905
6199.0005
5891.714
5509.476
5297.205
5129.898
5144.223
5555.3205
5184.5825
5121.7995
4837.4695
4473.9945
3953.405
3584.4075
3383.0845
3230.069
1973.5505
2739.7575
2554.59
2273.497
2001.3385
1848.55
1778.423
1737.319
1790.858
1753.6205
1685.9215
1717.2375
1685.218
1673.5265
1650.7645
1580.824
1554.915
1500.4805
1503.8945
1568.132
1667.6315
1743.1355
1837.305
2023.35
2232.765
2359.7355
2738.172
3092.5465
3531.4635
2306.7195
4849.9385
5647.2865
6479.4505
6892.037
7276.3535
7846.5295
7936.122
7228.8455
6254.483
5471.994
5017.37
4626.275
4514.3295
4322.2305
4652.93
4376.0775
3749.821
3295.33
3349.783
3632.8385
3673.5775
3854.154
4288.525
4645.9425
5553.7975
6760.678
8091.3845
8559.1285
5733.1565
9775.32
10342.1975
10708.0085
10558.662
10511.208
6212.894
9879.317
9368.5305
8739.179
8109.358
6939.549
6015.4445
6473.947
6881.4755
7755.903
8820.0065
9214.162
8566.9395
8710.3395
9463.0485
9896.136
10891.245
11128.5325
11417.769
11650.509
11639.361
11722.61
12117.533
7565.712
11954.427
12096.1175
12338.4755
12325.344
12153.888
11563.407
11143.0335
10666.862
10677.1445
10505.2515
10403.115
10159.1925
10132.9855
10268.677
9991.9835
9954.4635
10215.49
10573.6115
11075.582
11304.3875
10928.353
9944.4935
9509.9515
8536.029
8141.532
8459.1065
8815.263
8872.6015
5604.413
8754.1885
8734.065
8657.8675
8512.076
8331.515
8352.797
8279.546
8440.4405
8339.7125
8557.468
8498.321
8430.3315
8471.6265
8535.1045
8626.4095
8361.227
8206.1765
8309.323
8123.609
7668.531
6928.7515
6604.214
6407.8875
6687.729
7030.1995
7013.127
6682.9625
6534.057
3794.7795
6377.9155
6494.806
6325.1015
6192.7405
5724.0935
5450.426
4916.085
4578.8135
4169.448
3588.3855
3017.816
2801.4385
2502.0645
2454.6495
2258.2735
2178.576
2090.411
1957.4585
2024.4115
1988.8775
2080.4695
2137.4
2310.1615
2350.052
2376.4335
2308.193
2382.5325
2483.3885
1723.8595
2831.2935
3018.3565
3245.125
3409.6975
3615.566
3822.4455
3656.5315
3713.1825
3986.4605
4001.6335
3986.141
4309.0485
4837.951
5258.9525
5449.4315
5540.3875
5670.49
5675.916
5668.4185
5669.9935
5890.725
6036.8955
5825.588
5451.085
5624.373
5984.4955
6457.2675
6643.98
4361.8955
7114.0365
7401.477
4892.1325
7848.638
8118.138
8537.0585
8979.921
9164.3815
9535.039
10057.8055
10347.73
10432.3475
10544.418
10152.882
10140.627
10237.884
10346.519
10000.3315
9708.2045
10205.7135
10665.267
10790.281
10734.6435
10852.2795
10743.69
10389.1305
10120.777
9971.7885
6271.092
9931.743
9817.2445
9691.141
9497.8765
8851.822
8212.334
7674.6215
7309.678
7091.273
6742.205
6367.5355
6692.66
6535.452
6415.7385
6684.5575
6503.7795
6648.221
7024.407
7660.5935
7847.529
7244.1585
6998.196
6807.518
7152.432
7484.144
8018.2335
8417.109
8655.365
8861.3725
8443.2165
7995.3465
8167.813
8418.1625
8642.8385
5457.294
5511.916
8872.398
8830.424
9198.273
9719.7365
10589.685
11327.951
11717.0115
11916.7625
11926.978
11931.3235
11630.9795
11140.063
10826.907
10668.8575
10309.252
10122.6495
10234.0045
10007.307
8903.4305
8618.6935
9181.191
6199.2925
9723.7795
9531.4985
9315.039
8865.3085
8182.9865
7147.905
6482.875
6099.4575
5754.685
5552.562
5194.9135
4554.0765
4344.5895
4326.2895
4816.7965
4762.606
4649.782
4653.665
4596.553
4703.275
4779.082
4733.718
4446.0865
4558.932
4722.209
4977.571
5049.7305
4884.086
2832.91
4619.943
4442.614
4561.0165
4803.1135
5068.6675
5485.6615
5962.456
6486.0285
7409.5215
8070.982
9007.3925
9146.3755
9689.264
10127.5535
10339.562
10270.272
10107.2925
9946.5505
9938.1255
9840.7805
10010.9835
10119.1055
9861.6435
10143.712
11129.3405
11445.7395
11467.88
11902.64
7458.0215
11886.128
10826.535
9578.5725
8857.1425
8318.543
8469.789
8306.876
8037.416
7731.247
7307.6455
6951.023
6670.9095
6209.4745
5734.823
5302.11
5086.2985
5337.3685
5474.846
5817.7915
6005.3415
6269.2875
6619.2425
6958.74
6994.0995
7309.977
7390.737
6842.3345
7122.158
4671.5335
7610.56
7947.581
7858.787
7350.9185
6933.8675
6646.48
6465.6025
6364.927
6163.192
5863.2665
5873.2255
5445.7895
5369.9475
5328.785
5731.92
6262.958
6512.432
6886.156
7016.9585
7459.6775
7626.5805
7585.401
7548.415
7314.3685
7626.539
7923.988
7851.3555
7551.5775
4444.22
6659.9575
6192.6685
5063.9715
4833.7295
4340.4035
2520.421
3698.2335
3539.444
3530.984
3568.3805
3647.553
3621.274
3643.688
3822.1995
4075.1165
4413.3635
4870.617
4742.985
4870.2645
4899.6705
4624.732
4979.0405
4814.3835
5299.617
5840.747
6000.79
5919.178
6003.6015
3616.121
6546.5405
6910.9695
7239.796
7149.0195
7271.2165
7417.1435
7422.3795
7565.4245
7588.502
7601.565
7576.964
7348.241
7267.685
6763.475
6405.0535
6346.9235
6137.881
5918.2445
5689.606
5025.8425
4395.775
3775.0505
3192.7935
2997.5645
1764.846
2210.8905
2027.7785
1728.8985
1182.741
1719.448
2032.371
2070.528
2079.858
1853.549
1968.918
2436.1525
2559.635
2579.2435
2708.9975
2831.5865
2697.15
2877.4315
2666.337
2311.835
2180.113
1945.185
1834.0285
1574.451
1443.3075
1442.8305
1486.343
1461.981
1538.195
1508.5955
1574.6735
1604.711
1612.5945
1091.7065
1551.8655
1739.617
1931.3395
2039.935
2286.747
2278.2315
2125.9245
1931.74
1817.83
1902.9135
2148.366
2290.2925
2278.5465
2195.382
2174.667
2359.7735
2422.4475
2559.3055
2567.2915
2684.6585
2740.7535
2950.857
3063.718
2897.2985
2953.54
3134.396
3214.8565
3271.336
2136.53
3623.268
3777.1895
3918.503
3799.4245
3473.709
3629.9615
3536.5525
3703.9455
3762.137
3528.227
3415.0255
3426.941
3344.1925
3176.4265
3186.771
3363.895
3484.447
3452.158
3493.7135
3554.461
3574.6515
3545.196
3248.2465
3298.3345
3190.284
3116.0585
3062.4925
3020.611
1973.227
3233.088
3279.1775
3169.53
2726.7265
2448.1155
2220.438
2008.2175
1924.308
1780.47
1650.0055
1770.733
1700.376
1556.1805
1402.9865
1350.067
1218.479
1191.749
1068.2095
1014.803
942.7015
837.4945
841.481
1005.586
1295.9255
1535.571
1812.092
2216.2205
2500.6465
1945.5915
3746.9825
3939.797
4309.1215
4706.4345
5128.276
5711.651
5762.6135
6206.1575
5808.121
5166.8445
4190.607
3140.9095
2570.5155
2314.5795
2359.295
2493.2325
3195.6115
3884.6785
4642.3645
5732.3545
6626.6075
6907.193
7572.775
8164.8795
8302.9525
8658.335
9363.681
9946.9705
6331.3145
10401.318
11157.075
11022.83
10577.844
10332.753
9384.3495
7861.559
6384.4725
5656.38
4511.5515
3929.439
3524.801
3519.9825
3230.5255
3210.2375
2960.581
3442.552
3646.971
3997.39
4708.174
5108.185
5721.6135
6051.439
6165.681
6367.327
6796.7015
7232.858
7317.3465
4465.6585
6590.5485
6085.954
5640.2095
5653.795
5450.1135
5307.805
5382.358
5410.9925
5400.809
5543.5095
5779.432
6145.6025
5858.102
5957.2825
6087.195
6057.4025
6179.317
6299.0895
6736.2835
6764.019
7097.697
7191.931
7420.927
7812.3765
8242.6625
8543.475
8920.464
9299.385
5671.421
9402.772
9422.202
9415.742
9361.1045
9363.681
