3800.9475
3821.289
3800.455
3773.4075
3732.546
3675.2255
3624.5435
3629.479
3414.7705
3087.8625
3015.906
2916.6275
2717.3475
2070.34
2014.3445
1946.505
2292.6435
3057.408
2874.6235
3180.1575
3466.4275
3411.283
3486.4545
3538.8675
3328.92
3324.666
3198.856
2871.4525
2714.3335
2488.8485
2568.5155
2323.324
2401.3375
2603.556
2292.5805
2435.8745
2959.499
3299.9705
3524.9215
3581.785
3050.248
3257.1865
3226.8765
3340.712
3498.053
3534.3125
3240.1275
3150.4565
3142.1975
3095.239
3159.9805
3126.101
3319.844
3510.691
3392.9095
3393.7825
3625.4755
3680.469
3662.2075
3710.319
3742.0485
3791.114
3812.7895
3807.522
3784.296
3812.8685
3804.6725
3766.9615
3802.3925
3788.065
3733.074
3671.5405
3544.5425
3503.0095
3231.9345
2924.6075
2267.417
2118.2575
1818.078
1352.709
1323.494
1474.146
1254.937
1518.446
2693.1625
3275.0935
3337.82
3453.6515
3522.375
3573.783
3559.528
3508.355
3509.237
3534.6775
3147.0615
2743.217
2251.724
1772.637
1508.455
1460.1735
1151.3745
1146.979
1262.1585
1300.8965
944.775
788.251
1000.9135
1116.5055
1128.4005
1231.9005
1313.6535
1329.5895
1336.9085
1339.145
1405.1985
1396.069
1067.803
786.3175
578.6845
467.787
408.856
585.0885
685.498
730.8525
951.3195
1301.0345
1371.286
1407.523
1691.043
1956.7365
2151.533
2420.583
2318.9305
2903.879
3112.2775
3175.919
3133.5035
3202.193
3169.297
3208.061
3038.0455
2829.2585
2814.459
2817.7545
2749.087
2728.033
2691.916
1426.9365
2784.491
2820.5105
2823.8315
2700.3535
2598.738
2552.032
2501.9355
2420.554
2496.6305
2528.971
2535.1135
2739.464
2811.718
3021.1685
3016.004
2957.0745
2915.62
2934.6005
2973.8805
3014.728
3101.6795
3202.7305
3214.917
3304.752
3283.062
3328.794
3290.7005
3214.7685
3090.5635
3183.982
3174.758
3129.0055
2998.1955
2699.871
2487.0045
1208.021
2410.969
2544.963
2492.158
2281.5655
2180.4815
2101.404
2038.489
1876.051
1761.726
1707.1735
1672.155
1649.144
1481.502
1652.534
1618.867
1483.289
1589.289
791.596
1510.757
1399.432
1346.371
1238.1675
1347.7085
1279.8915
1202.4255
1079.87
1103.903
1256.98
1602.384
1738.4565
1501.5785
1537.96
1497.602
1587.333
1461.8515
1308.518
1244.073
1267.224
1200.5385
1332.7295
1280.2385
1157.344
1089.227
867.0085
717.465
626.475
531.088
470.076
428.727
391.722
369.638
379.064
332.1775
278.0205
334.211
341.902
313.598
321.6315
351.916
343.538
366.5035
350.675
338.3265
341.9035
334.6235
234.656
258.387
240.85
221.65
279.0305
249.555
284.336
204.869
174.465
182.8525
179.85325
228.6145
247.6355
221.9725
174.617
118.103
123.8195
166.6145
257.649
332.8515
294.575
438.0335
403.6545
391.0745
467.956
507.2505
533.3885
682.1245
717.2115
862.874
894.565
899.0935
936.807
1089.1495
1182.3315
1254.796
1343.429
1401.869
1419.5115
1587.2565
1855.6475
1757.065
1726.653
1637.8485
1776.2245
2016.757
2135.39
2301.6235
2474.865
2593.7
2465.117
2347.6045
2274.8465
2204.491
2093.2815
2118.544
2081.897
2139.5875
2065.537
2115.704
2006.984
1956.418
1804.2025
1576.4375
1589.5015
1525.766
802.604
1700.641
1731.945
1746.5455
1754.2785
1948.243
1938.073
1886.2295
1721.657
1601.9365
1635.4995
1591.801
1638.7195
925.8795
1895.964
1960.082
2045.562
2355.7245
2684.4625
2892.7785
3048.5755
2805.844
2867.808
3224.849
3574.2535
3598.4405
3594.4405
3537.249
3431.5685
3410.1185
3482.835
3403.1775
3272.9235
3520.911
3489.564
3533.546
3616.0865
3680.615
3671.227
3617.346
3667.2805
3337.6405
1926.469
3834.446
3845.842
3816.5385
3735.2425
3812.8725
3856.1585
3839.822
3860.069
3872.319
3877.5845
3863.2675
3936.457
3868.4455
3868.8425
3877.923
2026.7185
2087.1045
4011.13
3963.2705
3917.048
3952.513
3996.967
3964.375
4024.793
4008.8435
4002.9895
3992.6305
3946.013
2029.768
3923.6005
3908.167
3978.76
3989.084
3964.2205
2007.473
3987.912
3998.312
3894.996
3817.059
1959.1195
3736.8765
3632.336
3654.644
3677.8
3584.433
3373.3185
2972.3175
3280.9975
3272.6955
3282.287
3269.9335
3388.113
3396.9165
3588.8515
3645.319
2696.3125
1851.3625
1051.6055
2935.566
3117.009
3061.769
2856.67
2783.172
2686.892
2271.2435
1934.666
1916.8775
2006.8195
2169.558
2570.149
2506.7
3039.9285
2873.242
3184.252
3082.8365
2964.1215
2913.462
2945.9005
2961.4295
2982.8075
3012.2485
3105.62
3041.3885
2758.6915
2736.3855
2971.485
3011.853
2880.249
2781.15
2596.296
2777.1665
2642.3795
2929.3695
2953.214
2976.025
2943.49
2866.025
2974.836
2912.3935
2651.5655
2343.995
2054.114
1400.546
1000.723
702.2935
441.8265
189.7155
98.3975
97.5175
113.3265
157.9695
155.171
163.7715
186.7935
306.6425
480.4005
713.264
887.5185
976.9165
1021.6785
1230.5585
1102.889
1034.406
842.4595
749.19
595.088
426.012
287.2385
394.04525
591.081
840.3705
1118.551
1121.127
1245.6565
1330.4245
1754.976
2471.3385
3012.579
2900.7385
2710.152
2723.118
2817.952
2562.2015
2291.511
2366.2605
2720.9395
3018.375
2904.857
2912.725
2493.337
2712.367
2551.1615
2548.4215
2486.3365
2443.0305
2344.128
2438.4795
2809.662
2759.6405
2813.2845
2944.75
2817.6685
2783.909
2557.2725
2361.1305
2263.689
2510.475
2535.478
2280.6805
2285.509
2381.324
2231.5775
2656.445
2712.9855
2947.281
2977.1595
3041.864
3340.753
3573.7355
3758.594
3820.9255
3865.5455
3867.7965
3866.0985
3873.4215
3824.44
3851.4665
3851.864
3807.06
3834.2015
3822.7865
3757.584
3772.725
3857.1915
3775.3745
3819.177
3796.2685
3628.016
3494.897
3357.8355
3870.4505
3911.103
3927.457
3856.553
3869.672
3853.941
3800.007
3941.9325
3915.4365
3632.109
3253.0615
3041.19
3347.415
3701.2935
3842.8615
3839.687
3787.741
3799.873
3709.465
3556.3665
3540.71
3468.6965
3388.0815
3201.1935
3110.8825
3227.0475
3383.8095
3285.628
3179.6735
2932.346
2916.122
2875.4865
2547.5605
2272.1095
2242.6005
2228.338
2344.221
2440.741
2499.9095
2230.487
1732.527
1602.9185
1562.247
1395.315
1146.0885
892.8655
594.2665
506.259
424.964
424.276
445.7665
401.066
468.421
533.0315
522.9385
604.469
586.559
544.607
536.961
685.39
693.122
669.549
690.304
789.9255
924.3915
1145.4
1287.4455
1443.7835
1768.9665
2121.19
2373.148
2555.0155
2755.3105
2829.969
3021.679
3287.4575
3524.1405
3628.2415
3853.8355
3909.9575
3970.695
3965.522
3971.469
3957.931
3901.239
3714.19
3837.839
3854.3275
3738.234
3722.002
3544.221
3508.8315
3443.6175
3204.856
3014.9015
3190.6975
3159.547
3324.7
3549.3585
3742.0865
3687.5445
3700.0215
3801.9465
3863.215
3852.994
3730.8755
3790.899
3741.021
3721.7745
3698.7895
3643.003
3745.59
3726.13
3732.0125
3726.9545
3814.075
3921.357
3912.2925
3874.518
3778.0255
3584.0995
3519.401
3558.4345
1735.273
3176.251
3313.138
3191.2455
3222.9055
2924.4885
2865.262
2585.373
2384.1289
2235.9101
2327.1705
2343.4365
1897.3195
1701.399
1484.671
1358.1385
1253.299
1211.1975
1196.919
1171.468
1172.1235
1117.1815
1168.486
1021.873
1057.7055
1056.477
1098.878
1348.3185
1341.4995
1325.6355
1130.7135
1266.2005
1514.893
1776.058
1879.7475
2120.6915
2398.9815
2723.8985
2835.336
3083.14
3253.9
3350.51
3401.361
3450.538
3464.593
3425.549
3432.669
3476.3185
3397.9435
3373.1315
3391.369
3231.805
3248.7415
3413.973
3394.623
3276.537
2927.5535
3235.9465
3288.3965
3217.5205
2825.958
3082.443
3064.124
2996.1245
2880.7735
2929.6305
2869.7495
3001.8945
3173.8155
3227.105
3150.2315
3203.6625
3297.1845
3261.5515
3169.9855
3180.555
3171.437
3216.6255
3231.8345
3129.0865
3124.344
3357.051
3338.992
3412.2445
3409.8115
3361.319
3274.6855
3376.5885
3455.0205
3382.4045
3374.164
3253.1995
3209.4035
2948.111
2778.3115
2604.2865
2504.966
2583.283
2441.1425
2080.1775
1898.5295
1930.532
1459.2915
1230.318
1065.302
920.383
695.8285
680.936
621.674
570.342
599.1355
608.676
687.2755
644.2555
505.4555
511.071
459.214
445.032
361.7645
540.7575
774.074
839.9645
777.2265
742.1205
669.547
548.7875
514.08
546.5015
766.6915
833.6225
914.369
1037.011
1321.8435
1583.4865
1758.333
2077.7325
1984.8325
1935.04
1955.469
1899.215
1733.1745
2009.6895
2048.97
2074.0935
2012.755
1982.691
1966.1715
2054.2365
2043.3305
2055.878
1943.805
1919.6855
1959.135
2238.409
2176.1535
2106.8945
1986.2395
1831.6675
1797.841
1713.2355
1446.1965
1565.5725
1636.692
1444.6105
1236.4345
1421.964
1522.166
1460.2425
1563.0935
1541.63525
1343.8775
1240.9825
1040.3475
1138.655
1213.0475
1237.865
1028.09
959.464
899.6235
971.252
880.2085
824.37525
847.2765
806.1335
694.3725
671.676
775.902
792.2325
793.8605
756.7265
742.482
731.301
709.438
1163.256
1488.692
1628.172
1748.89
1746.7795
1754.7605
1705.5945
1670.4345
1548.256
1635.1935
1555.5065
1437.8465
1623.425
1540.682
1480.0315
1626.756
1841.0785
1669.4175
1385.8365
1249.9555
1106.1
1080.5685
1002.4665
935.9
756.1
721.2255
601.4415
523.2475
304.897
529.6505
627.083
763.332
949.014
1111.5415
1359.936
1459.0185
1444.867
1466.788
1430.0885
1478.143
1527.118
1567.5565
1663.828
1657.232
1632.1925
1722.3825
1781.322
1752.5715
1825.8535
1832.1595
1879.2775
1756.0355
1513.589
1513.9685
1741.6035
1996.4
2257.4245
2366.7165
2451.8755
2383.029
2536.3825
2535.526
2654.9785
2844.5215
2800.4595
3122.8015
3182.428
3278.63
3248.4885
3089.772
2843.3615
2994.004
2831.885
2931.638
2939.4375
2917.0565
2811.0135
2636.948
2814.705
2704.538
2688.571
2604.4175
2398.444
2214.174
2049.429
1978.0605
1879.9175
2138.3835
2057.702
1939.0565
1946.219
2038.028
1991.7585
2028.4585
2298.196
2573.32
2889.543
3074.957
3109.409
2980.544
2772.654
2994.329
2934.6235
2514.806
2844.0295
3263.668
3282.982
3317.1735
2949.1905
3141.425
3403.632
3373.986
3335.8375
3350.0775
3430.419
3426.306
3424.0845
3398.747
3327.0565
3457.0025
3450.6555
3361.3005
3461.077
3311.57
1750.2785
1802.291
3428.2445
3281.4215
3111.6345
3338.1965
3467.5935
3549.1615
3562.9085
3531.9585
3538.0405
3495.639
3390.5575
3413.3675
3349.025
3152.4305
3023.357
2915.6365
2775.7265
2651.733
2505.8545
2168.8265
2036.9975
2284.748
2325.746
2313.81
2228.7455
2472.847
2536.0565
2637.789
3005.965
2924.768
3051.438
3386.676
3239.977
3007.3915
3392.9655
3449.081
3540.954
3568.306
3558.424
3569.976
3386.9395
2765.2065
3317.5165
3276.2915
2967.945
2600.0085
2752.4855
2669.642
2526.2
2243.0085
2111.9445
1973.11
1934.9475
1817.5565
1585.167
1481.4495
1317.866
1369.6905
1681.535
1736.3665
1774.0315
1999.1335
2285.5895
2548.541
2632.0605
3075.086
3117.7575
3444.2205
3457.765
3548.5555
3594.5875
3619.882
3663.8135
3627.984
3569.713
3127.7815
3269.271
3064.76
2993.8245
3225.4655
3418.999
3520.0145
3396.184
2982.5405
2749.742
2534.0315
2731.67
3167.1975
3350.801
3204.471
3338.7225
3195.5795
3041.886
2937.4295
3124.6735
3152.708
2955.2655
2908.4375
2902.213
3069.3845
3101.1775
3191.5125
3234.8435
3271.5195
3291.088
3235.343
3136.144
3057.5705
2814.8105
2558.8165
1857.5105
1851.5365
1774.2215
1525.6055
1157.94
1141.3175
1230.4885
1163.8035
1026.059
910.1285
1061.665
1056.7045
1226.964
1407.221
1493.117
1490.3805
1534.7315
1670.8885
1510.5765
1337.1085
1358.755
1350.7835
1310.0925
1024.939
1009.5085
703.77
493.962
453.913
471.589
566.8215
622.7815
552.158
511.1405
409.2025
363.4135
423.498
489.6395
600.8785
595.156
573.4765
630.0285
578.414
537.8325
474.294
543.1145
504.7135
527.264
498.437
474.7605
461.189
487.9285
459.443
431.0545
521.295
513.6115
484.9545
452.1735
455.1565
593.4765
693.9825
672.5755
727.706
787.146
1036.2355
1026.495
842.969
955.596
1089.6975
1024.9665
1014.816
970.0195
852.4405
939.183
999.45
921.506
877.6865
673.702
600.2395
658.436
681.717
604.04
490.5595
394.0405
401.6835
359.3795
270.207
218.684
167.4485
198.631
753.2015
1129.0175
1077.407
1028.729
989.87
786.69
954.7
1076.455
1096.636
1393.652
1603.509
1660.9965
1482.7355
1422.313
1986.065
2470.8035
2519.348
2347.1635
1511.443
1105.995
847.1745
837.539
918.364
1080.9795
953.194
781.841
560.6255
291.0255
441.7815
468.73
501.441
510.372
479.388
466.842
527.642
540.0205
509.742
398.39
293.384
253.1255
303.7185
330.113
349.8505
316.5995
382.826
504.099
654.681
864.608
1088.83
1093.445
1015.954
959.2575
986.12
1068.9085
1297.576
1421.5025
1482.739
1539.414
1653.602
1695.7485
1535.3975
1571.496
1358.699
1264.354
1241.448
1385.7255
1758.2015
1849.0255
1997.9215
2034.318
2093.888
2254.1855
2061.623
2109.418
2176.969
2295.2335
2275.7415
1931.254
2014.648
1995.9425
2041.9215
2089.703
2038.4995
2330.2205
2404.943
2311.0865
2349.6745
2511.5235
2488.276
2732.9915
2891.453
3036.879
3122.9465
3162.8055
3243.2055
3160.533
3034.9535
2849.862
2783.613
2746.0695
2578.597
2501.4165
2761.3025
2924.3595
3083.9485
3229.273
3287.816
3286.8965
3167.567
3032.408
3010.392
2907.7315
2844.752
2870.7375
2947.9195
3195.966
3310.769
3272.494
3336.6965
3375.167
3376.208
3331.3495
3179.9605
3073.8295
1589.9515
3050.7035
3032.979
3043.706
2992.8185
2955.007
2889.418
2797.225
2709.7585
2496.2705
2166.088
2120.5495
2284.395
2370.5835
2696.531
3007.458
3230.053
3233.865
3142.4875
3145.6215
3175.0015
3204.044
3008.1545
2576.1945
2205.2295
2306.533
2328.7485
2476.5865
2478.1925
2731.2495
2916.0905
2847.196
2867.597
2887.859
2578.0265
2366.7435
2444.094
2406.6265
2399.5985
2223.8665
2210.6265
2297.7865
1971.6395
1963.388
1851.0135
1547.329
1439.938
1092.977
1095.197
1205.1185
1402.0345
1686.129
1704.1305
2070.6375
2152.4515
2535.9725
2089.87
1472.99
1539.0345
806.0915
761.075
871.1775
1387.3605
1884.224
1962.879
1653.3555
1810.1625
1997.374
1842.251
1783.375
1900.042
1654.5445
2130.804
2490.074
2854.5555
3018.8815
3130.3955
3341.2275
3468.5495
3508.7325
3504.2095
3448.0385
3496.666
3452.5815
3478.2005
3448.4785
3458.915
3441.909
3329.03
3333.387
3464.722
3438.633
3466.9485
3452.759
3474.8305
3489.607
3463.6355
3443.3445
3475.475
3466.739
3481.513
3498.379
3507.714
3512.3925
3507.28
3483.892
3502.198
3489.8455
3478.9095
3386.97
3391.1625
3346.8205
3316.8235
3299.006
3303.311
3209.6865
3228.527
3265.68
3368.5525
3315.07
3216.018
3163.136
3175.8475
2884.138
3013.947
3181.3565
3229.188
3207.2795
3180.4815
3215.288
3334.819
3333.53
3377.8125
3401.661
3431.7
3451.463
3450.1845
3391.789
3336.154
3180.8815
2964.7265
2741.891
2505.3305
2381.2905
2318.3065
2252.609
2253.716
2295.8115
2307.7605
2246.598
2195.459
2149.445
2108.05775
2016.368
1987.1025
2031.1295
2224.9265
2455.829
2534.1545
2676.5285
2714.2485
2552.4745
2595.2455
2334.774
2179.222
2210.346
2171.272
2136.148
1120.504
2023.794
1967.1835
2061.895
2059.454
1871.64
1787.365
1618.9685
1478.731
1429.344
1295.532
1487.1635
1270.265
1306.657
1466.0375
1442.848
1340.2175
1185.762
897.783
1082.717
1165.903
1244.7815
1401.313
1571.9395
1640.393
1688.7985
1698.798
1532.0205
1313.992
1001.115
729.044
574.958
526.0255
462.0955
462.658
503.659
602.9775
791.1405
958.318
1624.55
2317.1465
2396.815
2418.3235
2427.7965
2350.625
2417.9215
2172.4705
1847.6105
1542.8505
1277.5515
1223.393
1167.034
1285.202
985.1075
685.5995
565.3135
487.4165
599.1295
675.5255
665.335
516.437
432.725
343.08
291.545
239.256
216.503
210.9885
227.3305
231.265
267.5075
250.2875
250.49
260.637
344.842
431.337
475.709
378.8135
327.26
309.3055
500.4745
669.582
572.4925
612.3435
698.561
605.7185
681.066
690.989
706.4585
1219.2
1664.6375
1732.57
1771.668
1644.7505
1222.506
1385.661
1471.9735
1518.564
1796.5815
1932.8005
1828.7905
1837.7485
2054.8895
2035.331
2062.763
2093.881
2037.0735
2378.904
2390.4245
2405.694
2365.6345
2100.5035
1897.96
1752.105
2013.595
1828.741
1697.2515
1721.295
1542.318
1240.514
984.094
808.1665
604.0275
429.9645
325.2325
285.8995
280.6305
237.9495
175.159
117.345
164.521
309.5685
427.4785
484.145
636.575
920.7185
1014.875
1149.9745
1518.982
2284.143
2585.9965
2668.098
2762.8165
2614.364
2157.0165
2230.6575
2467.092
2725.868
2789.311
2845.117
2649.8475
2511.584
2251.358
2185.436
2033.963
1956.7375
1935.4515
2335.3405
2320.5625
2219.3575
2032.2965
2178.1365
2033.9045
1870.929
1772.1205
1381.071
769.7225
500.9785
410.346
170.0485
258.4105
118.7255
219.105
230.396
247.679
221.524
266.931
447.265
583.7
573.3125
378.082
457.5755
562.0735
933.7405
1203.9695
1377.3515
1307.0035
1323.9435
1310.853
1361.7735
1454.4365
1480.764
1538.5125
1662.8055
1955.01
1931.739
1797.461
1868.944
1824.282
1958.242
2072.336
1876.1305
1772.7235
1588.1665
1432.9605
1285.2475
1254.7515
1180.5825
1237.703
1529.151
1697.1855
1907.5885
1854.851
1788.7115
1604.8605
1598.5735
1554.252
1547.9365
1529.534
1238.421
1183.412
833.226
574.4965
375.0515
294.693
177.771
103.2325
174.237
149.945
156.505
65.992
38.242
42.146
118.2035
229.805
403.5815
575.692
724.974
881.1865
1282.3295
1407.875
1484.218
1378.0495
1456.3095
1579.348
1721.072
1978.938
2212.432
2466.3415
2725.5355
2945.371
2890.0125
2965.202
2939.033
3170.2235
3155.591
3291.0955
3402.7635
3445.326
3481.5775
3440.8505
3416.1565
3341.1325
3319.7765
3392.9825
3414.4305
3438.8655
3466.69
3404.4875
3273.4485
3104.926
2888.409
2404.526
2291.946
1934.8075
1687.129
1777.4315
1838.698
1997.5895
1388.4695
2736.9805
2951.617
3041.226
3029.997
2968.012
2839.289
2794.79
2707.37
2574.6245
2602.823
2721.4645
2815.986
2841.686
2985.456
3010.9795
2913.9605
2817.5465
2838.716
1458.0795
2841.17
2650.18
2423.377
1990.1635
1874.1315
2730.9275
3219.9315
3419.318
3615.879
3845.127
3890.081
4060.0585
4058.692
4104.6785
4197.199
4236.3865
4240.2345
4241.1525
4248.5425
4249.177
4257.7345
4257.934
4290.578
4347.1735
4358.226
4359.689
4356.6055
4354.5065
4347.079
4329.139
4342.5985
4284.734
4294.4635
4247.6775
4308.682
4290.6985
4280.6645
4318.6035
2240.5535
4317.6885
4302.8545
4287.6185
4328.5115
4325.445
4331.944
4324.3685
4314.462
4289.834
4267.725
4243.9465
4207.4345
4240.345
4242.711
4187.698
4159.926
4118.636
4095.5565
4132.0235
4119.889
4036.883
3977.1765
3990.1475
3980.903
3962.5955
3875.684
3896.6165
3911.665
3945.125
4000.194
4026.4415
4084.2015
4003.6865
3945.292
3882.779
3828.972
3868.4395
3822.051
3725.344
1813.598
3298.9675
2601.2215
2335.4265
2437.307
2260.254
2304.22
2501.2805
2785.7655
2586.2195
2861.4115
2886.387
3031.141
2928.2645
2595.537
2375.894
1152.8315
2009.978
1704.3905
1336.2125
1157.672
1181.7685
1333.844
1445.8455
1240.5715
943.4405
824.5455
711.7275
602.41
453.858
480.6645
324.612
308.6915
353.812
325.675
309.6025
188.0525
448.688
593.529
632.064
910.472
1127.899
1310.654
1800.284
2169.8655
2250.791
2173.523
2367.6135
2669.625
2796.693
3140.0625
3268.7835
3184.9275
3199.989
3354.2995
3290.5095
3160.6815
2984.233
2916.594
2773.6225
2617.212
2450.9645
2380.2815
2033.517
1906.9465
1445.052
1456.9765
1715.1115
2148.359
2812.076
2607.8825
2101.035
2232.3795
2578.221
3146.899
3153.073
3016.315
3169.008
3338.608
3679.4815
3796.3105
2023.667
3971.664
3939.2555
3982.72
3973.641
3970.185
3869.786
3801.058
3508.619
3036.017
3087.0885
2583.581
2002.9315
1674.324
1268.4775
481.033
932.836
838.556
670.534
446.1005
454.379
520.6015
472.164
395.52
414.299
427.5975
416.763
443.9665
432.391
301.024
254.165
206.223
149.0825
129.3045
203.9745
275.955
350.8
339.751
296.9425
186.951
161.6875
125.4795
138.871
160.753
75.1085
112.3815
131.061
180.89
193.7285
225.878
214.038
240.459
166.2125
187.122
174.856
195.6135
202.0975
199.778
220.592
253.631
297.0815
267.344
226.164
199.862
191.016
280.194
329.5615
295.2405
279.9435
290.923
338.622
457.036
441.231
466.356
481.0655
471.924
383.64
250.273
176.7635
86.553
55.104
74.8405
81.4385
130.1435
190.518
278.829
415.397
508.393
590.9885
774.193
915.302
1000.726
1273.6295
1570.8035
1937.7345
1831.5675
1947.2105
2106.665
1999.438
2017.1935
2543.85
2847.868
2744.7245
2534.3775
2401.16
2324.266
1944.4295
1893.4195
1601.099
1192.5425
1214.704
1500.561
1820.895
1946.842
2120.5805
2033.8575
1908.683
1833.573
1884.173
1597.312
1465.4315
614.3965
790.6265
546.2115
415.277
251.262
395.285
441.6875
557.4335
571.6505
585.4775
832.476
1025.77
1015.812
1023.049
846.0005
945.7475
1181.9115
1051.1995
1072.164
1116.271
1097.4655
1033.9305
957.229
766.8665
611.6225
570.5
660.4065
666.773
659.231
698.024
796.22
923.6955
1054.6535
598.19
1400.04
1887.9345
2368.779
2794.04
3000.371
3028.0335
3226.4825
3281.6695
3150.377
3040.7335
2499.207
2355.6315
2058.032
863.904
1279.9865
965.258
461.1
773.8655
774.539
822.701
865.077
1079.6565
1501.325
1591.86
2009.232
2319.9945
2555.6475
2469.157
1353.0365
2707.32
2444.195
2817.523
2569.8225
2506.82
2265.0615
2298.628
2063.027
2162.78
2154.3865
2113.4015
1968.01
1682.1045
1686.468
1578.6565
1631.758
1772.397
1539.047
1614.917
1563.8655
1398.4605
1284.9685
1213.566
573.2785
1007.622
997.159
1094.163
1136.361
578.8645
1019.3615
1117.4445
702.4725
663.103
1151.3975
1071.4505
856.9595
734
556.219
414.498
368.358
377.0725
306.5275
268.2645
265.056
278.909
400.6175
582.799
403.0285
437.9305
27.395
605.1555
719.014
888.5105
1812.2355
1975.3615
2354.6035
1301.408
96.379
3156.3105
1822.3725
3540.5325
3555.684
1912.8285
3382.2335
3593.7985
3642.1785
3491.8695
3462.164
3621.771
3694.4885
3659.859
1765.3855
3248.812
3190.581
3185.104
3218.068
3433.555
3471.284
1744.48
3170.6315
125.252
1629.6635
3208.4285
3089.414
2991.824
3090.189
1638.262
3074.9015
3047.5945
3458.508
3552.645
3510.771
3441.727
3468.7185
3228.9365
3398.251
3211.3505
2864.43
2829.8905
2549.696
2499.4595
2577.4815
2497.3365
2432.6135
101.537
2811.215
2668.5635
2262.726
2468.383
2465.398
2461.169
2492.6145
2494.0085
2516.2275
2838.818
1798.651
3908.558
3883.341
3788.3135
1905.2215
3322.0505
3354.824
3860.7875
3918.0845
3953.233
3775.724
3629.334
3521.0755
1695.6025
1579.4255
2916.748
2917.7145
2582.25
2252.563
1625.2305
1146.628
757.8165
621.4495
433.477
551.647
509.3255
670.624
823.322
1011.263
715.969
1502.9115
1805.666
1944.897
2251.243
2555.811
2822.468
3016.7935
3388.961
1803.442
3518.2835
3636.882
3567.7225
3445.753
3413.691
3261.7335
3066.8615
3343.964
3531.969
3724.2765
3708.1805
3744.59
3640.819
3202.8655
2877.1935
2894.8225
2820.133
2538.9175
2129.303
942.7655
1522.4805
1230.56
1021.241
983.7615
994.8585
938.3825
872.4515
905.125
845.9985
1046.6115
1257.7805
1231.7425
1362.56
1553.04
1710.583
1763.301
1577.3285
1406.606
1204.305
1207.681
920.3485
628.414
468.027
201.3565
131.1115
50.5075
56.436
149.4725
61.221
107.8365
111.5845
111.5485
96.3795
88.65
92.6405
158.086
190.009
139.7935
116.0235
94.1925
76.556
75.551
120.1025
156.7895
239.569
309.5735
411.404
374.111
324.783
258.1065
199.107
162.3065
361.823
495.03
381.01
418.239
442.0855
215.448
344.8015
435.6725
472.274
541.467
589.0325
718.8845
956.4275
1485.777
1502.789
1692.7505
1999.561
2320.406
2428.241
2429.1895
2538.9605
2533.693
938.1355
2564.3055
2395.6405
2287.6625
2092.941
1959.8365
1656.905
1245.7025
1287.143
1348.893
1530.003
1456.5935
885.768
1912.2915
1765.8105
1026.6785
1735.109
1481.306
1080.0445
904.3705
989.786
1057.2475
1291.0595
962.219
892.3665
1057.239
1301.673
1020.847
818.638
1093.11
1520.974
1636.4215
1250.4095
1182.7255
1137.5015
1051.323
1132.037
1122.1585
1146.705
1024.2295
957.884
592.733
1090.815
962.795
1009.4935
1106.9645
1212.7375
1333.4035
753.059
768.0055
1474.947
1559.5465
1511.4165
1273.944
1257.188
1199.8895
1286.2185
1390.685
1442.7425
1443.3645
1448.3065
1534.0235
1470.036
949.4265
1422.7555
1059.6905
880.7185
828.1215
660.645
514.6755
177.187
253.1275
221.5285
161.2765
138.5635
122.0305
138.973
128.6705
138.0555
200.5935
229.272
194.774
230.995
399.573
315.79
239.8155
138.9305
124.695
159.113
191.6675
311.5735
279.8975
245.6755
266.9075
321.837
361.67
198.8935
308.831
291.174
170.157
292.809
207.2215
178.6905
193.863
214.435
271.3
210.305
188.7825
156.4715
198.975
352.8625
539.2295
720.46
997.935
1171.587
1127.1065
1130.3285
1146.7125
1102.3175
436.433
713.611
747.097
937.848
1081.3675
1110.0605
1052.878
1025.6965
1035.0785
549.7395
1520.1965
1557.1535
1573.421
1351.128
1474.1655
1775.1515
1908.4235
1819.9645
1934.147
1736.787
1810.488
1928.737
1963.5585
1877.6135
1957.0575
1962.432
1045.828
1041.876
2006.102
2025.3265
2046.171
1915.231
1357.2545
1114.341
1155.0245
1200.395
1365.311
1507.2325
1049.4075
1988.982
1100.981
2217.039
2464.5945
2600.586
2672.741
2853.216
2935.971
3391.2445
3582.9165
1878.6545
3425.967
3491.5415
3669.7425
3620.0245
3584.166
3532.276
3556.522
3706.3265
3703.9765
3668.6555
3651.7155
3643.653
3645.6965
3551.0545
3393.899
3172.7875
2810.146
1362.295
2686.0975
2374.363
2309.734
2455.393
2389.692
1182.58
2189.714
2159.0985
2161.4775
2026.45
2038.7335
1889.296
1494.4305
1018.917
814.5165
971.3715
1078.0065
1613.685
1073.8775
2342.1795
1435.3235
2961.915
3264.0045
3505.537
3544.915
3286.7695
2899.0055
2470.084
838.5735
814.721
374.6485
614.0305
1027.8195
826.4505
363.596
478.1905
343.744
314.6425
294.264
272.9065
342.329
266.966
535.613
561.712
34.437
388.2645
335.37
286.1525
290.706
276.3665
357.009
249.1635
409.992
148.7495
23.493
609.766
545.934
29.3
495.126
258.2845
489.0485
531.7905
456.4035
443.313
430.3235
238.818
500.6345
567.559
308.469
310.531
525.0745
431.9905
411.7225
251.4075
167.225
121.584
102.603
20.875
21.244
223.474
236.7195
237.234
263.7865
362.44
505.1985
680.8965
418.31
890.5375
977.8315
1061.647
1192.193
1381.294
783.933
1754.002
1970.067
2173.3715
2283.975
2146.1495
2071.336
1625.0765
703.3055
425.299
398.723
954.74
1388.084
1761.553
1641.3095
2019.383
2099.0615
2054.0355
1867.1465
1649.814
1598.0585
1873.1325
2113.7565
1232.299
2648.733
2783.72
2586.1745
2190.8745
2282.0055
2529.6425
2668.933
2852.77
2950.4525
105.009
1482.435
2942.6065
2925.1485
2921.319
1305.4265
2582.9855
2632.8885
2643.227
2546.81
2369.5445
2630.507
2937.2235
3004.1615
1472.897
1699.3085
3547.232
3621.3915
3617.857
1713.471
3230.4085
3282.2115
3460.5305
3305.1875
125.913
1658.9275
2916.656
2740.9615
2368.8305
2247.8975
1773.4745
1618.9675
1491.763
1145.3005
553.7985
1089.6545
1276.3305
1464.8495
1520.9875
996.701
2152.6025
2375.042
2385.4955
2591.2645
2864.49
2626.5895
2714.2655
2629.388
112.115
1243.553
2008.4665
1251.16
2376.442
2174.1615
2488.571
1444.5525
2533.9355
2313.0985
2830.968
2876.126
3058.595
3147.679
2848.932
1351.49
2825.595
2758.662
2484.5635
2698.451
3420.432
3641.2345
3658.7415
3587.7535
124.901
1930.089
3670.991
3574.59
3577.7065
3516.5525
3385.741
3488.4165
3312.4335
3159.3825
3089.412
3095.5595
2931.4355
2384.323
2107.1815
105.994
1964.4135
1838.023
1533.876
1054.6275
428.2255
648.147
571.896
546.0155
31.086
381.152
307.1105
288.248
174.772
235.8235
329.8725
402.6435
712.7465
894.7865
1150.9825
1285.4735
1222.202
999.81
898.9325
444.621
847.0235
802.167
455.6385
928.5425
1055.254
1266.256
1313.9075
1189.3365
34.244
559.223
1082.4475
1133.6115
1106.061
1274.9025
1327.1795
1295.0765
1238.0365
1190.048
1174.6105
1117.846
1091.5035
1188.75
1224.514
48.454
1472.3145
1582.7655
1439.482
1443.539
1453.7125
1428.767
1525.93
1701.5285
1690.8875
1680.8635
1739.6045
2022.591
1990.6925
1913.2355
1114.6825
2184.038
2231.439
2222.7
2295.7845
2207.152
2359.5675
2483.8705
2700.2705
1462.3965
2901.8785
2912.807
2834.584
1486.2135
2819.3625
2898.998
1515.442
2933.89
130.7
115.808
2944.2195
3079.3865
3127.054
3063.0445
1523.279
74.529
1576.0775
3123.3985
3336.0455
1787.1835
3463.682
3397.806
3305.211
131.795
3146.581
3035.437
3013.6845
3023.846
3020.2995
3051.0805
1619.8695
2914.8235
126.484
828.2445
2400.5405
2375.7945
2124.753
1894.108
940.965
80.568
1775.2005
2097.908
2189.555
2347.1915
2875.9285
1545.0625
1761.5405
1817.703
149.892
149.1855
1797.2825
1790.4735
151
154.354
1074.0305
155.505
151.322
148.998
152.011
3471.1555
157.74
153.915
1929.3305
1835.6015
160.416
3188.772
3293.1115
3164.5005
2899.8955
1466.2205
2038.061
947.7125
1824.469
1769.221
1610.677
1929.069
1842.3775
92.235
1690.2335
819.085
70.985
63.958
493.942
778.017
779.0385
386.6175
757.9485
398.6715
865.3355
986.1275
1101.1275
1137.1305
1140.1955
1293.2045
1487.01
1509.9765
1735.018
1864.1885
1730.881
1533.1985
1605.5815
1519.8655
1600.775
1307.823
1074.683
920.524
411.551
733.7985
733.6035
651.6715
624.8105
556.8615
536.088
558.285
556.841
590.069
615.912
649.048
684.2635
676.3335
699.9455
707.2635
717.6515
753.5475
734.1165
685.315
743.6745
760.722
675.4795
652.9925
581.832
550.9505
544.664
588.301
577.526
328.5345
663.4415
763.589
845.059
920.823
953.949
1013.222
1080.149
1083.3745
1096.1
947.7375
841.445
820.893
740.503
679.0015
547.593
419.8595
371.814
364.932
387.7755
372.1115
398.395
368.0355
379.874
406.083
452.169
456.906
463.6305
567.9025
349.588
652.235
620.43
550.078
435.1365
336.6675
368.39
422.7765
425.3895
411.602
396.057
399.391
373.7705
389.315
372.5635
356.327
371.6785
374.0295
337.3
347.0915
371.01
443.8815
502.6695
558.439
528.328
535.208
642.9215
649.1505
635.4785
334.515
568.294
603.773
612.9885
590.094
638.1305
683.7565
695.1555
790.7725
1216.8315
1201.7365
1046.534
447.73
717.8065
608.7385
609.269
590.5755
780.981
939.674
1238.979
1043.1205
743.1585
870.9175
1019.0175
1335.569
1203.1755
1102.1825
1059.179
992.5205
431.066
658.0425
693.464
621.755
530.1535
668.214
620.5995
613.8955
718.602
848.3345
862.058
252.47925
842.7105
919.52
567.4
1075.6255
1193.7355
1281.2165
1088.2915
1120.6225
757.7
962.803
1146.3865
1257.214
1305.2815
1304.478
1556.9155
1741.399
1614.749
1263.1095
1300.243
1655.782
1790.8255
1588.3865
1393.4295
1247.1795
1020.0075
703.235
487.8905
396.6965
293.3685
293.7695
351.6605
431.948
632.1425
821.632
962.585
1085.3825
1196.7245
1437.585
1622.253
1656.7695
1904.243
2116.5105
2402.14
2403.4325
2356.6365
2399.246
2431.657
2417.4325
2486.8915
2534.6495
2449.926
2358.1215
1832.7005
1612.534
1621.0905
1829.282
1965.712
1836.7255
1828.428
2196.7485
2036.46
1736.7135
1292.792
817.772
691.503
595.5175
427.6445
343.0025
340.25125
337.5415
373.232
352.526
360.8205
367.8565
428.851
520.054
600.481
813.5455
1078.108
1014.588
735.708
656.596
693.229
911.3975
1090.1425
1011.262
846.351
982.2455
1036.315
967.1465
869.9085
722.7745
594.5585
312.1435
462.84
477.6015
501.176
466.104
354.455
140.371
81.9805
79.9785
111.184
151.684
231.6795
263.3725
348.541
466.289
895.187
1362.5005
1682.4185
1818.447
2112.2445
2234.17
2253.892
2314.9025
2291.9335
2171.112
2177.358
2011.0745
1951.0215
1982.6005
2167.3155
2327.899
2587.9745
2554.2855
2349.661
2081.9355
1954.6355
1825.2245
1676.405
1615.2375
1556.6005
1491.125
1460.3465
1365.361
1338.7525
1276.677
1225.788
1217.9215
1119.951
1080.002
981.8965
1084.1455
1040.9975
1028.1655
996.6985
933.178
1070.4635
1547.7285
1847.474
1934.4165
2031.731
2002.176
2094.237
2030.74
2202.966
2509.362
2680.8495
2941.845
2867.8255
3169.4395
3160.164
3065.9775
2944.4695
2850.1335
2715.2825
2683.277
2729.8025
2727.185
2698.9155
2663.681
2728.2295
2760.477
2769.9565
2747.8435
2641.361
2481.432
2377.087
2356.5225
2229.2985
2107.4485
2099.0535
2029.8155
2030.3175
1948.885
1996.752
1903.7725
1868.2485
1766.016
1613.2915
1589.5845
1633.712
1667.2615
1774.4145
1800.3405
1800.3015
1606.832
1422.3635
1172.4795
1063.424
1008.8375
921.9085
868.2005
795.534
760.916
702.612
648.4575
632.1415
631.2545
582.8245
524.6235
472.7295
228.6095
403.106
399.8265
395.6155
391.528
379.2105
372.235
366.21
367.8465
355.593
342.6265
339.686
333.6555
332.2045
329.8145
330.569
330.1265
343.154
350.9095
351.8535
353.146
350.144
355.331
364.148
367.349
395.842
439.082
500.053
485.89
260.039
474.4715
495.6815
513.1435
528.5695
588.476
603.7285
647.4145
657.8035
632.2185
611.734
331.3695
648.84
603.2255
679.7655
696.297
676.25
694.807
630.135
629.4845
599.4675
604.4935
626.286
709.353
775.1645
751.367
768.0275
728.539
627.167
313.0445
633.75
597.983
570.6895
576.394
538.8475
486.4015
467.0085
524.2885
542.5125
496.384
457.756
455.915
484.195
543.3325
585.9375
603.91
642.784
713.719
1054.736
1206.9155
1346.498
1382.5635
1370.661
1376.4665
1463.846
1260.4555
1140.203
1236.2935
738.2425
1448.4225
1440.9325
1450.4035
1444.3875
1380.737
1448.2105
1682.0705
1660.915
1548.4185
1645.392
1762.267
2066.91
2358.158
2497.217
2594.033
2650.161
2629.2545
2387.4225
2432.9215
2472.883
2546.724
2445.817
2363.396
2297.9645
2208.6775
2171.1415
2092.931
2202.4035
1121.6495
1881.581
1736.3485
1578.305
1547.6375
1718.199
1916.7665
2049.9945
2181.488
2274.8295
2325.782
2319.3175
2310.6435
2183.7075
2273.8295
2214.6255
1020.4295
1565.348
1561.8485
1564.7105
1484.611
1460.865
1380.8845
1369.182
1285.1525
1317.23
742.7175
1161.37125
1089.416
1101.8525
990.221
967.1995
891.717
1124.3045
1253.3905
1231.693
1201.3995
1148.1435
1423.3715
1248.05
1191.965
1145.15075
1047.5085
1027.0295
912.877
946.6335
1024.982
1055.525
820.8515
668.794
669.778
719.0465
762.461
883.072
968.084
471.4955
900.0475
927.1685
1071.295
925.1975
1032.2385
943.6335
1166.9505
1098.2805
959.346
960.6885
943.2015
929.6095
832.6425
947.228
1167.1215
1230.944
1278.8525
1552.0515
1547.8015
1571.9395
1900.342
2162.306
2226.459
2311.1595
2503.086
2618.097
2855.738
2988.451
1564.746
2771.1445
2798.6295
2741.5045
2778.6045
2793.773
3044.605
3072.338
3155.9295
3337.044
3313.0585
3399.9325
3452.0225
3263.7485
3193.022
3212.529
2852.2425
2614.3355
2603.0485
2585.015
2588.6245
2528.2665
2466.3405
2528.217
2303.68
1896.324
1459.3815
1384.626
1391.6955
602.5955
856.0485
702.243
593.5775
653.8165
600.001
607.474
550.515
580.0235
653.303
634.663
633.5865
591.3985
519.3465
528.4025
653.588
711.4065
938.1725
1191.597
1364.856
1573.6185
1689.2485
1746.268
1703.9695
1709.6535
1543.9535
1692.4295
1641.52
1573.651
900.6295
1619.182
2173.3575
2404.183
2389.796
2222.9645
2159.6415
2315.5385
2225.132
2002.759
2286.8665
2463.5325
2707.521
2910.903
2779.555
2693.371
2429.274
2078.3275
1905.8785
1566.9035
1251.3115
951.792
888.452
970.4305
1018.8105
899.0255
700.575
668.235
592.44
531.789
448.7
410.187
418.6115
412.705
425.607
415.766
343.433
318.978
283.686
295.327
345.229
300.6735
327.448
353.37
421.0395
307.942
228.919
312.5975
339.093
415.1765
478.392
543.6765
570.2575
522.7295
505.617
606.381
569.574
513.524
471.9065
469.397
476.3355
493.5785
416.601
406.2295
367.004
331.9725
315.297
331.3585
372.644
384.6505
359.313
337.3975
321.376
239.759
228.811
185.756
181.851
204.932
237.2105
259.618
231.437
274.0395
300.9765
424.727
499.8685
500.4205
509.9105
560.7325
621.6985
619.3405
595.16
565.643
578.263
533.0135
536.2025
486.097
499.0335
524.711
549.2995
521.501
446.9465
520.012
546.323
504.74
502.9475
490.7505
476.757
500.54
527.704
587.743
505.9485
406.006
406.8565
341.8975
291.885
289.39
292.365
289.174
348.599
334.3605
273.2005
231.6315
200.856
186.6735
188.329
182.5855
178.609
188.8015
214.176
233.9505
272.9265
333.7695
366.301
356.898
380.3205
395.773
346.12
282.289
354.5325
386.334
388.691
414.734
391.444
478.533
565.767
473.2305
375.065
474.382
646.9925
576.687
614.851
587.488
534.1855
601.4265
781.175
895.9605
971.3615
1148.8605
1360.754
1407.76
1592.585
1617.3035
1274.391
1331.073
1382.317
1485.072
1611.1345
1576.5085
1505.926
1401.662
1301.305
1178.054
1054.0925
1053.9725
953.1975
956.6855
974.5875
1018.8105
1163.2565
1197.8625
1212.0905
1207.148
1317.3295
1297.547
1413.3345
1263.867
1115.57
1102.515
994.844
840.4335
878.1125
761.946
698.4825
670.0485
619.2585
667.192
647.9025
651.0735
598.9265
628.9225
630.661
694.0745
815.43
903.133
993.131
994.3205
1022.697
1110.086
981.831
1165.095
1009.441
1011.854
951.189
388.6735
715.4195
729.2815
721.193
682.0735
629.3795
719.3725
844.8385
739.1095
688.0895
590.624
565.092
565.727
688.869
678.8235
682.1195
665.263
731.616
784.0075
874.705
717.73
558.0935
579.0695
650.1305
741.0795
823.7815
884.5535
951.762
860.005
800.313
691.866
624.297
582.8295
525.574
453.823
453.841
392.216
471.1865
491.704
529.771
633.09
682.3375
681.748
607.5315
628.9015
639.808
627.067
535.397
450.5805
423.489
432.2385
426.2365
438.0365
387.423
342.7525
346.1445
376.5605
417.3695
388.369
357.9085
325.135
286.48
339.937
433.2365
459.8365
418.9935
357.2125
280.36
312.191
318.637
366.1245
423.6785
404.9625
381.232
427.7915
440.818
528.485
408.139
353.937
376.4635
400.4805
357.3885
467.423
505.715
471.1305
553.946
638.607
737.1195
853.542
863.0335
854.661
879.2025
858.2795
696.4425
756.421
789.9815
733.278
821.149
1053.975
1080.148
1051.003
971.343
920.786
992.9175
979.953
819.543
834.5975
888.554
961.207
1114.5815
1267.048
1379.9815
1490.386
1649.101
1729.0325
1755.288
1342.9595
979.151
935.8335
1006.4245
915.13
925.68
960.843
1139.2425
1079.1515
940.038
1003.898
853.45
948.019
1002.675
947.0855
959.56
1005.81
933.16
941.23
1137.7185
1171.89
1253.561
1258.4715
1287.198
1169.412
872.11
729.5165
571.5815
446.851
378.459
334.6425
325.5685
330.8365
359.2565
346.504
336.656
377.1035
451.0945
485.63275
515.9975
666.3915
1096.548
1585.2055
2057.981
2374.244
2625.844
2892.4505
3138.697
3239.762
3207.794
3289.1415
3352.0195
3446.4955
3676.6725
3710.7985
3692.438
3705.6745
3736.681
3844.589
3740.0175
3718.8185
3717.5875
3677.3415
3650.833
3321.941
2865.3515
2626.842
2068.3015
1844.171
1539.219
1014.482
866.948
987.7505
854.962
820.094
997.585
1183.8185
1377.961
1365.209
1114.132
989.189
431.207
721.1035
764.4795
732.5905
642.749
568.815
557.7005
473.257
444.288
553.0965
630.078
648.1585
670.3305
560.319
595.6355
731.277
700.179
636.3315
641.6185
690.5005
657.9025
551.3205
669.5435
620.9945
802.1035
786.419
825.0925
990.91
1073.415
1118.902
1140.072
1244.1845
1441.007
1757.8655
2160.886
2673.0775
2791.908
2518.5165
2408.785
2001.149
1796.667
2008.891
2156.548
2112.5965
1920.2955
1810.5805
1681.403
1631.077
1489.2665
1466.254
1395.348
1248.239
979.507
964.7825
948.2225
771.9875
862.518
1558.69
1767.007
1788.5475
2138.591
2388.2415
2106.3425
2121.1855
2255.725
2364.228
2351.4665
2189.576
2142.5775
2198.3095
1982.6745
1916.2105
2128.6775
2222.58
2087.6765
2119.2215
1774.7075
1634.6495
1788.5155
1864.8285
1845.885
1706.2285
2044.938
2658.6795
2758.5865
2692.2575
2628.4315
2631.134
2486.5525
2532.5835
2524.4245
2592.6565
2138.682
1379.412
953.718
734.261
564.987
420.8925
309.1145
213.316
245.2395
292.66
309.2795
490.4375
733.711
819.754
870.8045
1191.7305
1672.956
2238.222
2534.719
2624.472
2735.725
2863.326
2724.3935
2763.047
1451.3735
2835.7705
2894.2235
2946.3385
2995.468
1503.9135
2876.1605
2769.464
2910.1005
2656.035
2777.065
2845.9685
2748.55575
2655.9925
1936.6245
1680.5
1416.0675
1338.257
1178.24
1013.8605
1350.8175
1647.762
2320.268
2940.257
3173.7805
3338.474
3461.9955
3522.3695
1853.4935
2464.1585
3564.397
3242.4435
2988.1325
2790.798
2800.212
2731.713
2506.775
2229.9275
1903.4565
1757.1785
1764.28
1540.588
1504.6095
1488.1035
1429.691
1652.49
1918.464
1980.632
2122.0985
2249.3715
2205.9645
2035.449
2008.0135
1857.7045
1522.2615
1437.482
1398.2195
1302.1205
685.9865
1409.1565
1269.1965
1118.7455
918.6825
792.928
619.2595
541.151
361.82
277.2755
348.805
511.9
479.8535
515.697
411.592
389.568
501.6475
516.613
537.9885
583.9375
518.3655
492.3625
543.705
544.541
528.3665
484.4355
451.973
411.2205
455.345
231.4935
486.003
440.3705
371.4635
295.52
245.4125
193.28
163.3795
137.818
76.6885
150.172
162.6505
183.081
188.402
230.362
234.0055
201.993
173.8135
163.495
151.041
159.8465
194.478
213.7445
190.0825
200.094
195.251
194.434
214.939
235.0595
128.919
259.3965
277.9135
279.9705
263.259
269.785
264.6305
250.0115
199.758
158.976
185.6695
232.988
252.64125
258.5985
273.5185
274.7485
232.167
200.0205
184.2575
189.171
216.489
276.619
316.097
295.696
229.0325
192.443
173.2485
168.684
222.6275
296.2
273.868
253.5695
257.166
187.5505
129.259
103.9955
125.995
177.814
210.703
194.8345
219.132
199.705
180.944
267.401
492.1995
495.5375
446.2265
545.2155
700.7385
921.1865
816.007
665.942
550.205
519.8655
506.8395
622.525
608.8415
640.742
663.3335
716.7775
649.683
567.9385
478.205
506.703
596.7275
712.1495
861.2075
1079.998
1291.5005
1359.2905
1535.8155
1421.302
1264.3485
1138.5315
1034.894
929.65975
759.9805
640.254
636.226
611.662
613.327
614.247
597.041
623.0745
571.6315
608.629
599.7305
568.4575
735.0135
861.34
898.7645
987.423
1074.9975
1143.5165
1247.455
1242.763
1171.5835
1157.633
1054.889
1103.468
1114.448
1114.451
1047.7905
1044.0135
1024.5735
1019.667
963.011
985.6245
816.613
620.317
839.517
1119.8945
1150.6345
1283.8065
1468.125
1578.0975
1653.9195
1761.2905
1811.0915
1871.357
1811.248
1794.191
1549.4555
1307.8435
1129.2425
1036.6505
894.813
800.2915
836.016
865.7375
844.284
770.7365
701.165
737.6065
894.709
928.8055
995.3485
1124.6335
1197.248
1421.463
1630.6655
1930.048
2160.1775
2088.3985
1843.9245
1935.9715
2170.423
2247.387
2199.159
2002.129
1832.3975
1730.9145
1679.343
1495.942
1389.237
1464.2585
1473.18
1632.66
1684.4665
1853.4995
1971.2035
2038.325
2034.558
2093.839
2055.9855
2274.486
2343.153
2145.289
2152.011
2028.1735
1794.448
1684.185
1423.114
1041.6135
1010.6175
994.5175
1058.028
1073.965
519.2525
952.502
933.5565
1012.777
1123.068
1478.2065
1848.502
1931.361
2046.31
2227.552
2481.012
2515.6275
2482.71
2563.6115
2472.153
2412.161
2296.495
2278.3825
2321.4595
2212.67
2001.573
1780.205
1713.262
1576.0175
1526.436
1367.0745
1167.191
1229.415
1179.937
1046.7835
1168.8155
1162.637
1100.191
1131.513
1247.5135
1227.619
1231.108
1251.5025
1255.452
1260.973
1046.2105
834.3355
744.811
709.22
691.024
644.622
513.8105
435.3665
334.6955
261.5525
208.2515
184.399
178.155
184.051
194.8885
229.0815
230.0435
224.337
219.165
212.59
195.0705
151.591
151.945
150.8175
136.4125
141.705
152.366
146.627
151.736
215.3575
248.429
193.1075
200.6045
240.034
260.239
425.0685
495.8165
584.758
646.132
790.112
763.631
671.2645
624.427
647.0295
530.8935
413.534
343.384
291.1205
261.475
198.4075
230.9795
198.155
176.648
142.583
150.1215
76.4495
144.5675
162.3295
168.534
149.881
161.0545
173.7135
211.641
226.00875
153.698
299.839
218.401
489.3375
501.6885
445.26
376.7785
316.7375
281.42
211.1255
158.9185
130.2365
125.3675
137.3095
155.264
236.675
307.995
279.1195
319.995
379.199
282.818
468.8545
240.6725
515.8645
490.089
483.895
545.103
580.113
553.7145
530.3155
620.123
447.9165
271.297
204.421
112.914
228.506
212.6575
178.0335
156.339
173.6065
182.9815
169.667
173.774
188.768
220.018
276.4025
347.6965
410.5405
335.5355
337.848
244.8815
156.5255
320.3395
375.653
374.357
404.885
367.1605
373.6255
375.623
376.4945
418.3595
506.0315
463.7835
409.691
19.576
367.109
427.86625
575.0015
836.2095
877.574
845.177
880.5675
1003.9285
1227.7195
1373.693
1190.166
1183.041
966.8
1057.675
1268.5625
654.9045
1177.8095
1412.46
1477.057
1605.5065
1665.6525
1845.439
1765.8055
1600.9905
1436.148
1394.6885
1373.4775
1304.244
1457.125
1560.3585
1662.8965
1705.488
1714.533
1791.116
1697.4715
1722.9895
1494.619
1552.3415
1550.814
1468.304
1418.8305
1308.159
1181.32
1132.3275
1044.5815
966.404
808.0195
737.9975
720.343
694.70075
630.1585
490.4615
466.6425
488.421
552.7635
559.4915
507.132
599.258
691.293
674.9115
582.4355
586.5485
539.58
508.828
473.6275
472.096
476.6385
489.5075
464.607
476.654
479.3625
405.116
341.922
295.0385
238.727
217.474
205.413
207.354
218.523
223.72
325.872
331.938
344.5865
382.218
376.341
407.828
375.081
290.6095
236.0925
165.8045
131.81
151.63
181.819
186.9875
181.583
162.379
149.7725
155.27
121.413
123.4665
128.8565
148.1925
165.255
212.699
247.2975
302.8295
304.3025
351.1555
326.4925
296.0195
264.557
266.5305
293.8755
298.33
271.891
227.9275
198.1725
202.7095
222.008
194.033
209.9035
292.078
356.514
424.7425
488.6695
523.361
621.849
700.347
737.3825
857.275
975.3055
1041.6355
1003.4425
1083.3415
1204.813
1299.2795
1294.298
1101.8655
1090.157
1008.6145
874.8245
780.322
671.9605
666.8125
612.359
474.1425
446.3255
457.53
455.351
615.3375
932.1525
1116.4245
1231.919
1411.389
1346.5605
1335.591
1155.667
1017.3315
850.088
910.3775
912.1075
757.8415
515.328
250.7425
191.947
163.7965
168.907
126.4745
95.8225
92.6525
94.319
125.5455
175.3845
218.3685
338.0025
425.174
618.6025
641.9035
743.157
863.054
1052.83
1045.663
959.772
718.5745
844.0805
915.258
1008.0775
1162.242
1325.1925
1110.5435
879.537
928.2685
847.874
581.692
424.867
397.512
368.378
422.693
495.8405
587.9425
711.279
585.073
558.014
602.143
612.2235
560.7935
500.944
442.759
226.6625
352.075
264.682
303.67
329.3305
309.1025
18.463
240.8875
229.7165
221.506
117.5995
124.7615
191.707
227.7955
265.8055
272.855
316.0515
359.7395
373.388
303.004
288.448
252.958
254.863
289.0025
257.9875
247.696
219.443
204.9915
217.6515
119.638
201.182
193.116
184.767
199.262
240.8675
354.0055
425.9735
610.961
672.2255
710.2265
706.365
649.0685
656.0565
640.246
538.0425
487.983
428.41125
413.528
351.3115
293.2125
240.4165
202.8775
253.518
289.042
266.0265
196.932
201.508
209.9395
285.7675
380.813
453.6525
603.455
706.1845
683.21
658.8785
613.2335
540.343
531.4165
413.8695
308.7525
176.9795
127.7695
108.994
101.889
129.0475
135.033
214.9835
246.644
189.257
147.483
137.0575
145.3505
146.207
143.5395
161.023
166.161
179.9745
197.375
203.594
209.62
206.834
205.1995
211.0865
217.286
239.3965
280.818
277.7595
355.986
382.9995
358.5135
421.9735
367.8235
327.95
300.291
246.171
217.6615
228.22
257.442
319.784
327.8795
340.894
357.6295
378.0815
321.6595
285.6195
283.8175
332.1645
439.5875
459.1715
427.038
384.626
441.834
473.4965
498.6215
425.084
199.5815
275.3275
245.8725
198.4785
193.0215
206.509
319.8305
511.09
783.846
1125.892
1424.695
1577.2405
1579.7155
1592.863
1599.9925
1471.1165
1570.48
1476.40575
1262.8075
1059.8115
664.1155
467.4765
455.2895
449.626
391.7935
323.548
261.281
203.646
230.6805
229.4435
207.4855
268.288
298.9505
374.411
450.298
447.46
513.7405
533.756
359.7495
509.041
454.2625
364.1925
249.551
243.034
212.4685
245.4355
303.127
352.865
299.652
306.938
247.405
233.289
241.806
200.1475
191.173
167.818
185.765
228.8735
248.464
290.668
328.3625
357.819
360.236
312.9805
304.055
314.9745
273.4325
252.3765
273.47
299.9725
383.3575
412.166
452.43
474.334
473.0995
521.8605
575.6595
601.921
731.1975
930.167
1027.593
1046.445
1129.773
1167.707
1160.473
1065.22
1058.75
976.03
959.7325
772.288
632.201
547.112
316.9165
315.117
320.668
343.2195
368.293
564.4845
724.871
730.3435
540.1095
433.721
367.053
438.2445
637.0585
856.8735
725.995
662.586
1232.4975
890.035
638.2375
950.1065
904.388
1018.345
1217.3355
1250.797
1270.772
1476.3615
1598.394
1828.9265
1836.2645
2283.7515
2583.5465
2968.132
2855.4475
2498.3965
2758.841
2540.4825
2518.935
2223.9895
2117.6055
2274.817
1871.503
2060.5605
2286.2475
2095.4405
2013.099
1968.012
1968.6215
1979.455
1971.5195
2097.434
2134.0345
2274.2095
2304.4515
2480.8705
2934.041
3130.1925
3619.0605
3537.5895
3611.761
3792.279
3815.6195
3463.92
3017.203
2898.053
2828.423
2800.588
2846.2
2994.682
3256.281
3368.4815
3274.4515
2940.495
2528.483
1811.0415
1605.8595
1582.36
1473.8545
1745.756
1711.861
1810.2975
1766.5255
1593.409
1281.4445
1216.9385
1455.645
1301.772
1441.04
1445.347
1507.682
1925.7805
2268.5365
2065.2665
1957.963
1833.853
1737.0865
1514.8785
1388.0155
1178.965
1202.0965
1113.2525
1151.182
1405.162
1274.712
1536.7685
1337.0615
1377.179
1502.51
1420.652
1499.063
1582.5345
1713.483
1691.268
1587.9645
1565.627
1641.1685
1561.2455
1507.9425
1066.8875
1207.0225
1261.5555
1087.7595
1282.6495
1094.6575
1138.198
1110.2785
922.112
808.4135
728.7575
687.0235
559.6525
486.3835
485.809
523.3645
491.7455
583.218
823.8615
1178.0215
1402.879
1287.4035
1241.7725
939.249
857.872
782.5285
858.847
952.8815
946.6905
952.91
1006.726
1156.6425
1025.627
794.541
716.7805
725.3215
519.9005
436.426
461.929
439.4285
465.0585
558.209
732.379
861.064
868.067
863.118
812.2
865.8585
1076.2645
985.7235
739.834
699.6575
737.3935
637.4505
627.478
462.8875
337.1485
271.155
291.7405
243.8215
262.083
135.117
90.1865
116.296
155.157
214.4705
292.197
237.9545
242.108
186.037
132.92
136.289
237.124
294.689
405.4345
490.014
715.0935
663.4075
734.427
1070.8485
1019.0805
929.552
932.0625
739.4865
777.0785
777.226
876.5295
810.7965
825.643
841.588
738.0095
598.1275
515.33
448.8445
409.308
357.153
324.8095
319.7675
193.1435
53.623
90.1235
88.4825
78.3885
59.0555
70.1355
67.2785
77.689
90.272
95.524
132.6055
192.8515
257.2845
400.717
585.38
728.2105
646.9195
678.5255
840.564
834.2085
870.6735
843.692
873.577
952.7185
1032.2945
945.6525
791.0775
707.599
573.5425
517.1515
447.532
378.517
342.7195
290.858
263.965
228.469
259.2775
295.3855
394.93
418.716
459.363
461.9085
430.1625
362.2485
351.304
325.3055
359.214
454.521
475.3185
367.501
345.3335
391.2725
318.411
296.4915
245.455
236.9705
281.7345
241.2965
284.5635
284.326
447.941
272.292
270.9185
211.7615
343.4315
540.888
444.3895
495.667
696.6165
879.1085
880.007
909.766
909.62
1015.73
939.8755
729.1315
791.687
822.256
1093.262
960.7155
1178.57
1166.895
1221.588
1255.7355
858.0055
1403.329
1508.903
1579.74
1357.435
1204.87
1027.079
792.4155
639.5065
638.6295
530.4435
460.2535
406.133
456.595
515.8245
481.349
431.4925
420.293
515.27625
553.7365
593.759
523.0495
509.5985
961.972
1251.766
1537.466
1672.949
1578.7805
1172.428
497.184
712.8765
695.0685
1473.338
1555.926
1465.2905
1270.6075
1468.4255
1552.679
1488.9835
1427.161
1614.3115
1627.224
1707.5685
1787.5135
1702.0235
1834.604
2177.72
2334.592
2196.196
1911.915
1830.711
1915.065
1898.0795
1120.882
1205.913
1685.3165
1544.5275
1578.67
819.3625
1407.6955
1266.385
1046.993
937.0355
970.8215
852.749
666.2445
549.3875
428.0655
346.025
301.68
365.0215
411.1975
515.7595
738.991
1335.735
1611.088
1510.322
1645.629
1913.143
2065.8165
2037.714
1911.304
1873.7535
2086.353
1156.414
2197.0075
2326.7215
1340.216
2468.304
2106.0975
1726.273
1731.029
1849.9915
1770.195
1465.984
1726.142
1214.0575
725.1425
402.8565
283.3765
427.338
454.9995
353.2025
283.158
289.8575
399.2075
371.012
258.741
166.8705
159.9735
214.357
319.6005
307.023
322.891
83.342
32.28
122.269
694.3145
697.64
846.0995
843.5485
714.8945
896.729
817.9435
843.687
727.5265
789.967
752.592
831.0625
934.2185
756.3515
736.7035
754.4555
624.693
629.705
732.334
830.483
777.7795
683.304
839.646
886.657
1059.7545
1247.2135
1115.399
1002.0575
1270.523
1428.2175
1373.612
1427.4285
1529.861
1584.379
1658.1965
1638.0825
1758.011
1793.2255
1768.5075
1612.335
1763.3835
1653.4205
1750.861
2057.8745
1961.608
1802.04425
1792.273
1976.9355
2050.1125
2174.7445
2365.066
2382.0545
2519.382
2707.8975
2988.045
3240.133
3043.6195
2999.001
3134.5785
3161.024
3320.422
3157.763
2972.7475
2435.0375
2554.1585
2273.6865
2503.58
2651.879
2659.9545
2908.407
2839.597
2663.6125
2287.1875
2407.2315
2262.513
2013.3235
2117.39
1985.4535
1600.2105
1364.5705
1243.6855
1251.999
1240.7465
1462.1195
1715.136
1727.7245
1682.5685
1336.6885
1328.488
1292.25
1143.093
1047.271
1095.2105
1069.356
1170.636
1424.398
1706.293
1853.0355
1967.654
2107.959
2311.4005
2220.034
2156.914
1094.0855
2233.6485
2378.487
2463.5995
2600.5025
2804.5655
2699.8385
2787.0825
2878.931
2828.791
2720.0045
2673.273
2609.408
2516.0275
2452.454
2651.046
2540.4045
2447.7825
2475.4685
2409.033
2277.6785
1966.409
1999.6085
1847.6375
1745.4845
1742.00075
1948.4865
2113.7265
2249.798
1173.21
2061.115
2174.8555
1228.657
2578.858
2905.8005
2588.0305
2811.356
3081.87
3440.3265
3294.6265
3329.7615
3059.4385
2761.452
2563.8725
2346.1725
2124.4915
1786.3215
1752.4445
1378.7125
1211.853
1074.4445
713.954
444.814
328.32
289.8425
216.91875
131.6395
190.009
76.1065
108.4275
106.579
85.3145
70.5435
65.1785
62.516
53.9545
48.7925
40.90825
106.2865
153.0065
250.31
364.014
427.473
435.4395
448.54
474.9765
433.607
397.9225
380.956
352.8045
244.3175
194.533
138.1675
112.986
91.3915
81.2935
72.3945
97.55
118.8845
161.228
271.8705
416.0225
464.1855
533.9525
608.115
589.7025
729.1565
812.7125
1176.204
1518.038
1597.585
1565.243
1539.728
1602.672
1455.5745
1435.4905
1406.0685
1423.4985
1558.6375
1674.4895
1743.726
1771.908
1894.1495
1751.0455
1214.646
1014.0025
1016.365
996.879
1072.9155
940.2125
966.476
832.6455
692.035
567.1485
473.6925
421.0955
413.4065
401.9295
388.6835
477.545
647.5915
803.7465
975.0085
1076.479
1189.766
1047.659
1167.7125
1500.1295
1422.582
1659.2045
1626.52
1593.276
1470.0975
1461.3965
1839.078
2047.383
2546.778
3311.889
3401.4635
3330.285
3365.3465
3350.499
3445.3295
3601.575
3684.321
3613.15
3531.004
3383.551
3154.673
1653.78
3033.643
2859.823
2737.671
2674.7055
2491.7145
2136.046
2463.89
2733.936
2510.949
2722.343
2816.3685
2818.7845
3073.984
3236.3845
3324.9035
3246.8215
3071.2105
3047.055
2967.4115
2763.3035
2487.732
2310.004
1748.7225
1290.642
1159.6315
1109.3485
988.3645
911.8115
789.7095
634.695
665.3125
553.7945
358.7505
286.064
167.6815
162.7595
185.288
228.5145
213.241
331.2675
205.2325
440.292
672.513
933.3015
1420.417
2032.103
2689.6295
3163.863
3472.5275
3800.9075
3786.674
3807.1845
3808.5355
3458.023
3372.05175
3590.986
3647.1445
3672.515
3386.006
3326.9615
3434.7215
3172.899
3480.7535
3482.1755
3565.526
3596.074
3595.1335
3616.9665
3594.2135
3741.318
3839.567
3763.021
3708.974
3645.024
3502.7755
3164.531
2857.9805
2574.558
2267.943
1902.9665
1754.181
1649.966
1251.3945
1184.337
1026.019
978.845
837.39
693.7875
559.1655
534.177
493.318
452.954
432.1595
448.0955
462.2505
532.6615
611.3465
793.843
811.077
834.391
877.994
913.475
810.7915
633.604
611.231
747.5545
792.761
837.7925
1012.945
950.957
872.4835
718.8775
652.4985
621.471
706.1525
817.5075
759.786
692.8685
715.2125
48.902
395.333
843.84
972.4515
1054.319
1170.4985
1230.522
1341.199
1196.0305
1100.306
912.785
740.6535
751.2975
816.68475
787.386
748.823
670.4645
635.091
603.997
564.042
539.525
426.933
361.585
306.9775
285.7165
279.7315
274.7685
257.7935
246.34
241.336
250.247
257.966
246.711
230.3145
232.206
246.87
265.788
291.782
304.5545
343.717
384.077
491.0055
518.6475
491.0525
475.28
547.2685
502.239
490.27
501.6275
254.476
360.3745
313.853
589.14225
511.727
468.6115
449.3765
453.831
423.0995
513.217
618.3745
599.1235
522.1965
497.5045
504.586
542.8025
597.4875
604.903
645.557
733.867
713.2835
700.8495
656.723
620.5695
568.043
525.755
556.8805
676.9065
824.066
982.187
1175.1145
1237.416
1188.062
1293.8915
1170.889
1091.585
1066.014
1061.6885
998.1795
975.1065
33.705
797.317
859.7735
776.298
863.0415
808.2215
680.531
743.1315
716.397
731.76
809.945
912.9165
1009.1215
1224.5155
1498.223
1464.607
1314.6505
1146.727
1012.8875
860.547
762.3555
638.676
542.549
443.8825
525.422
664.721
795.937
888.704
937.933
22.585
583.996
1014.97
1066.709
1021.017
948.148
949.425
964.091
1129.808
1214.057
1139.648
989.277
783.2585
648.777
658.702
629.0755
697.1745
855.7835
1117.472
1128.3405
1247.1925
1280.63
1301.391
1344.9925
1388.758
1354.4015
1314.4435
1372.3565
1476.501
1672.8775
1767.516
1875.0135
2026.292
2035.1525
2080.008
2014.822
1907.9055
1825.325
1683.664
1668.9235
1631.7755
1559.316
1496.765
1545.259
1606.3745
1628.631
1494.997
1410.6905
1634.195
1496.64
1343.992
1284.5345
1254.712
1277.4735
1374.7405
1290.117
1206.066
1365.0195
1395.2305
1302.7205
1204.5615
1142.744
1101.7965
1058.0765
1107.5915
1016.0465
1049.096
1140.6555
1276.582
1129.4765
1006.2505
929.635
701.494
658.941
684.188
592.5675
638.011
654.72
739.4405
883.3955
680.2415
1433.3885
1786.988
1655.2465
1900.336
1586.6545
1639.4815
1859.5955
2141.256
1996.3465
2027.825
2135.9065
2108.6605
2341.306
2680.494
2942.8395
2947.479
2626.573
2427.3165
2504.257
2611.112
2642.94
2804.521
2880.1875
2976.508
2839.941
2736.003
2632.2875
2371.72
2446.0245
2325.8275
1900.7485
1545.787
1380.8955
1294.2495
1149.204
1177.085
1217.6355
1293.0665
1371.3995
1541.144
1373.712
2051.817
2203.817
2023.9295
2142.1065
2236.8135
2166.909
2183.7075
2487.412
2254.3965
2335.29875
2379.525
2335.569
2556.0055
1900.7485
1545.787
1360.8825
2559.459
1410.266
2536.611
2385.961
2648.776
3254.8625
2913.4265
2977.1505
3027.9015
3015.604
3040.976
3048.0035
3166.6145
2902.1815
2702.4745
2839.4095
3037.187
3294.809
3109.018
2855.7625
2463.312
2389.108
2482.632
2749.816
2866.4315
2651.0215
2392.0175
2493.038
2303.0235
2348.2865
2462.5785
2447.1835
2487.4565
2471.2705
2563.3455
2641.3195
2476.2995
2345.9975
2488.5035
2635.027
2760.1475
2943.3505
3236.4245
3527.8695
3932.195
3886.6005
4044.482
4186.1605
4244.495
4313.149
4207.4265
4070.8505
3944.0325
3857.091
4045.7775
3935.3155
3736.634
3462.767
3347.458
3192.5835
2936.3055
2835.3535
2974.201
3121.13975
3154.222
3011.5985
2874.0335
2762.559
2713.532
2376.2535
2430.9815
2154.2665
2431.55125
2549.663
2704.654
2387.1165
2045.8375
1854.3975
1698.3205
1481.947
1404.168
1307.958
1310.5945
1275.986
1157.796
1085.7635
999.847
889.1245
777.404
879.7345
1238.8165
1384.503
1716.7795
1721.961
1479.6145
1386.5915
1423.4615
1421.902
1581.103
1585.042
1452.276
1622.986
1565.1265
1563.383
1615.963
1786.823
1773.935
1823.5515
1947.995
1830.7165
1665.3745
1620.1635
1509.555
1529.6125
1385.803
1365.545
1483.6585
1531.8695
1695.478
1842.1005
1990.111
1997.6065
2151.542
2170.8065
2124.949
2215.7855
2349.4865
1998.6885
2425.422
2651.9645
2854.8775
2701.7725
2735.307
2861.005
2869.3835
2574.9175
2756.036
2607.31
2327.3465
2657.2755
3005.8565
3243.8965
3138.8735
2743.895
2389.7175
1809.785
1484.973
1243.4645
1213.26
1089.906
945.386
860.5935
891.0075
781.992
847.2625
872.0845
948.8565
988.4935
964.882
970.3225
1027.22
1508.3555
1503.0165
1682.166
1689.6015
1921.2995
2239.0345
2318.7605
2326.284
1191.999
2424.6195
2683.8455
3243.108
3679.591
3846.2455
3639.424
3641.5545
3305.5515
3118.549
3039.8105
3116.5785
2989.6645
2887.4535
2537.1425
2229.586
2060.0995
1981.054
1908.626
2085.186
1947.53
1978.333
2173.386
1873.0955
1734.1245
1628.207
1465.8825
1294.493
1431.4725
1508.2145
1508.099
1711.2185
1953.7115
2242.543
2256.426
2383.3725
2414.4925
2382.7455
2501.8845
2820.4235
2778.1205
2742.188
3061.9215
3331.8825
3520.5315
3900.5985
3968.0125
3981.7465
3850.5065
3795.284
3824.7815
3937.339
4138.085
4249.6265
4199.133
4279.997
4315.812
4329.332
4344.2615
4291.0645
4311.649
2226.8175
4253.3765
4003.8375
4136.0175
4149.6305
3964.4515
3790.024
3678.8625
3436.6635
3392.874
3423.769
3402.073
3292.6565
3432.396
3827.091
4009.9055
4184.172
4210.976
4066.4905
3595.9885
3320.748
3271.227
1920.6885
3995.2175
4076.0785
4196.2915
4253.9845
4218.8275
4173.9105
4055.15
4050.175
3945.334
3940.992
3796.4505
3587.8485
3379.327
3157.4495
2873.955
2679.9525
2426.119
2316.857
2193.4225
2049.5405
1964.512
1873.395
1916.558
1949.3635
2386.952
3098.1295
3128.8565
3199.76975
3376.5655
3394.1715
3598.442
3714.233
3676.1725
3986.962
3664.854
3981.7545
4036.523
3991.0135
3708.7825
3847.1905
4092.42
4275.1355
4274.6005
4282.9405
4280.879
4247.409
4209.2415
4224.6285
4191.033
4234.7435
4277.642
4194.2375
4147.5855
4187.7755
4102.5255
4120.175
4050.088
4008.469
3937.9005
3920.6405
3809.9365
3595.889
3475.563
3133.9335
2935.402
2619.4115
2513.965
2308.9815
2126.3095
2137.2575
1983.216
1574.3105
1285.084
1020.488
928.8605
924.5265
878.5795
827.196
851.769
900.103
1003.7605
996.8215
941.4075
931.9305
986.7685
1136.01
1178.444
1356.204
1411.1175
1538.4835
1867.824
2332.712
2799.565
3197.865
3412.3745
3335.5105
3755.795
3854.0345
3717.5135
3919.114
3939.7655
3695.4705
3480.7275
3253.803
2959.0935
2768.5445
2677.8435
2543.4095
2416.84725
2197.6245
2101.7555
1946.2945
1867.645
1745.677
1562.3275
1391.1145
1259.1175
1180.546
1119.1725
1031.793
924.028
857.9025
767.827
739.779
747.605
681.725
624.5355
684.016
697.106
713.764
684.4725
660.2065
715.5885
786.958
909.7415
862.5865
807.058
950.5775
1188.12
1253.0985
1477.1055
1778.7765
1959.6125
2063.5485
2210.8795
2224.252
2267.659
2467.074
2637.43
2819.446
2976.786
3032.052
2959.7135
2981.4185
3061.0115
3047.1345
3059.519
3093.9065
3049.4825
3143.6695
3107.0465
3109.645
90.684
3016.8485
1512.5245
2849.2945
2682.126
2283.206
2387.5155
2295.4435
2225.305
2008.145
1843.926
1703.9585
1657.586
1463.597
1324.8205
1130.8525
1002.9795
980.5865
1084.3675
1238.6045
1307.3325
1313.387
1342.956
1522.9795
1836.2255
1878.7745
1862.243
1827.2435
1694.8435
1621.2605
1435.8375
1418.924
1572.091
1855.036
2258.531
2562.6195
2614.0125
2868.062
3122.009
2798.4875
2455.8865
2207.5175
2056.1955
2105.202
1986.3225
1950.6975
1989.352
2013.8415
1928.209
1784.6845
1684.2235
1571.813
1415.2965
1395.6495
1320.8725
1299.273
1319.493
1252.622
1228.1385
1020.9765
790.8265
689.43
646.7715
517.609
472.742
437.8895
505.0935
599.2345
726.6595
899.7565
966.3535
942.0755
977.3325
1018.6735
1149.8895
1209.8035
1278.266
1249.116
1245.272
1352.668
1317.694
1379.488
1324.4075
1298.4565
1503.6205
1797.8685
1884.833
1923.906
1882.9885
1779.9825
925.9535
1703.5685
1572.5705
1497.234
1642.9015
1693.9915
1758.6335
1809.6045
1874.1585
1929.4145
1885.319
1815.048
2031.6265
2106.9305
2355.4155
2638.838
2853.4865
3009.315
3176.5475
3328.3655
3326.1415
3154.6515
3025.9345
2845.88
2866.6915
3008.8375
2967.2675
2901.1505
2714.2855
2592.361
2520.864
2504.8015
2527.357
2353.648
2052.39
1822.643
1862.9015
1686.252
1857.673
1951.9555
1976.113
2048.949
2202.106
2102.814
1976.823
2479.17
2872.631
2947.2545
2947.631
3165.925
3219.9195
3438.084
3539.969
3677.795
3747.6065
3791.108
3658.354
3429.137
3374.5705
3328.61
2949.4195
3034.5605
2890.585
2781.735
2750.147
3031.7415
2831.623
2576.643
2593.9025
2489.8085
2206.127
2197.3235
1840.094
1837.627
1710.1565
1630.589
1677.0205
1415.013
1346.5465
1513.705
1551.753
1433.3535
1543.3585
1515.5805
1627.862
1718.368
1764.46
1551.678
1613.24
1806.9505
1750.4465
1693.5055
1563.2645
1625.975
1572.582
1450.075
1253.81
1440.8905
1492.203
1492.941
1510.571
1737.4995
2024.186
2080.805
2161.0515
2347.0825
2584.0155
2642.583
2601.031
2635.437
2609.525
2598.1645
2515.9945
2455.1765
2491.035
2310.5905
2139.289
1528.3445
1114.3075
1090.1725
1185.3885
1251.6665
1193.9955
598.2635
1523.6355
1199.58
992.7775
898.5445
859.8085
847.5595
723.066
666.723
891.8785
1089.9525
1057.9425
992.9885
816.103
804.2405
810.5895
845.3615
829.6095
783.9355
826.4955
927.248
998.4375
1166.5235
1633.9505
1653.259
1664.2375
1709.9015
1828.1655
1970.0545
1942.114
2178.462
2531.168
2815.111
3033.956
3012.892
2902.9565
2900.991
2760.849
2659.251
2542.116
2447.8845
2359.7845
2173.8335
2097.4225
1953.714
1018.3325
1801.9505
1711.6375
1593.676
1482.3035
1527.6945
1582.812
1752.377
1850.142
1814.4125
1885.089
1927.0905
1907.5705
1916.9785
1956.6875
2030.1205
2207.463
2443.489
2616.322
2646.9705
2654.3635
2539.2515
2304.101
2203.0495
2081.139
2226.905
2401.4385
2520.2065
2800.2115
2658.8905
2800.2265
2757.563
2878.2075
2833.3835
2997.279
3005.9045
2728.2695
2811.822
2910.619
2864.17
2801.579
2745.403
2768.3885
2526.9255
2332.2925
2355.7455
2187.1585
2104.996
1937.0235
1769.5295
1784.101
1977.9385
2689.223
2868.0195
3003.091
2945.4315
2840.0865
2753.0645
2745.056
2656.624
2745.547
2716.558
2532.409
2460.2575
2303.4215
2049.1465
1592.5975
1489.664
1481.6215
1397.2915
1405.9285
1239.9
1096.0755
1149.234
987.3695
1102.659
1193.1025
1389.7305
1589.4965
1558.5135
1678.172
1846.6615
2180.6475
2159.079
2224.3405
2445.871
2502.811
2649.724
2988.922
2978.3075
3001.3135
3093.8585
3039.4295
3009.948
2976.0885
2799.811
2814.6235
2931.3795
2779.431
3038.7585
3215.5025
3384.4805
3429.1755
3355.5875
3409.051
3371.9345
3440.201
3450.604
3176.958
2628.1985
2479.5975
2165.891
1949.0925
1931.501
1870.1555
1884.1465
2027.893
2217.0415
2663.9785
2907.49
3307.243
3237.3485
3436.6025
3631.587
3649.1385
3737.0475
3881.1815
3908.069
3936.9185
3914.0035
3947.366
3809.003
3805.1675
3589.353
3454.684
3451.09
3687.313
3880.641
3839.4125
3565.569
3294.30325
3118.6
2938.1295
2901.1825
2909.3825
2927.0485
2922.4645
2905.297
2902.144
2784.3875
2648.721
2616.648
2908.3045
3414.9945
3292.299
3344.6065
3381.289
3782.752
3864.58
3828.6195
3828.807
3788.8505
3777.7445
3485.685
2796.4265
2784.9185
2481.79
2306.858
1169.219
1883.5345
1559.942
1289.657
1019.562
799.2545
819.5605
983.6455
1097.2165
1448.018
1600.826
1569.433
1541.8295
1672.284
1968.595
2147.554
2195.167
2082.346
2080.852
2112.274
2102.634
2172.139
2079.574
1715.916
1745.6875
1902.279
1664.785
1658.5425
1511.0065
1521.884
1600.2165
1632.6215
1656.5335
1618.6595
1635.039
1616.542
1587.641
1466.627
1444.715
1457.3175
1409.594
1166.6315
1194.434
1094.853
923.1095
733.5325
742.1545
814.5975
854.2945
921.9225
1246.1895
1268.751
1164.925
1384.241
1569.0265
1538.4335
1460.33
1553.43
1599.006
1824.9935
1914.139
2062.6215
2087.817
2129.443
2088.424
2131.8275
2113.4445
2130.858
1878.5265
1644.076
1273.888
1345.599
1476.9325
1664.954
1471.7925
1294.8215
1145.4555
1032.8715
501.0515
29.53
442.5435
862.7165
873.8205
782.6105
678.878
704.8365
767.238
837.5575
916.948
1010.6145
979.5695
964.4635
1010.298
1125.3175
1083.5755
1156.1755
1166.874
1096.139
1093.853
1142.394
1151.9055
1206.3085
1160.9165
1148.97
1067.6415
1065.585
1090.1135
1094.1085
1071.591
1004.6925
897.2575
835.918
723.8005
625.926
588.0175
526.2575
612.6195
669.573
720.5765
729.0635
744.399
755.0095
737.963
789.191
972.684
1078.9235
449.175
958.8275
1007.8895
921.6975
823.936
843.1415
831.9
796.4385
748.213
708.9435
739.9445
722.5225
734.9785
706.444
689.985
679.552
685.31425
780.7185
788.6615
769.204
764.311
805.0335
787.831
853.044
846.578
914.6945
1060.75
1182.5195
1143.278
1131.5
1150.146
1139.9705
1129.388
1028.5115
1108.5375
1150.953
1150.0405
1156.811
1242.9155
1174.2005
1323.124
1312.8805
1322.771
1514.9965
1604.243
1758.479
1956.448
1945.752
1908.5095
2011.911
1934.733
1893.9435
1943.941
1839.2635
1722.1715
1826.8485
1845.266
2080.933
2437.2015
2643.2935
2930.878
3263.177
3593.6465
3828.621
3728.5685
3749.0075
3572.384
3665.834
3575.6865
3300.913
2999.8585
2864.2015
2588.496
2313.6625
1900.6755
1800.7115
1658.193
1562.012
1495.8125
1428.8855
1666.2155
1895.673
2239.08
2679.9565
2847.967
2906.0585
3257.029
3364.943
3564.234
3714.269
3813.716
3805.9135
3889.253
3900.3775
3796.0655
3788.134
3700.7195
3706.248
3701.6125
3721.621
3649.514
3581.9145
3589.524
3548.477
3667.1645
3682.4165
3674.264
3808.248
3765.675
3722.664
3824.864
3654.0855
3545.5395
3467.0735
3313.466
3178.7
3017.972
2755.863
2698.0685
2530.5675
2398.27
2294.0695
1920.3405
1705.48
1649.609
711.7725
1256.9915
1216.654
1290.916
1518.0565
1864.0575
2113.459
2207.4135
2514.0915
2512.139
2208.75
2107.444
2047.1135
1985.397
1928.821
1673.0485
827.5915
1653.6415
1645.9305
836.203
671.8135
1081.7925
1060.5475
1043.0595
1033.981
1105.058
1133.8675
1266.3285
1347.0715
1472.2015
1700.2115
2014.56275
2238.741
2479.536
2627.8995
2784.6555
2890.2765
3152.666
3227.651
3098.246
3065.3155
3149.8395
3091.6415
2959.6815
3005.8145
2911.2145
3075.6855
3239.811
3061.568
1695.1655
3378.6585
3594.923
3586.0025
3512.1335
3569.427
3616.9255
3546.7665
3619.2235
3610.695
3566.7565
3620.841
3655.997
3602.267
3512.1995
3661.7975
3648.397
3563.445
3445.646
3443.2645
3208.767
2990.642
3202.8625
3046.1945
3091.8005
3020.3335
3302.566
3357.142
3460.1035
3540.301
3106.0145
2820.2665
2811.689
1314.438
134.807
127.839
2682.4085
1388.89
3093.1765
2926.527
2917.3665
2955.755
2642.71
2285.161
2048.9395
1865.0195
1671.613
1601.489
1945.284
1936.1315
1769.237
1696.747
2016.729
2155.737
2165.534
2258.8795
2351.637
1132.986
1999.4315
2052.5665
1840.861
1736.3125
1753.42
1703.972
1647.9855
1598.635
1611.5545
1413.549
1563.2495
1587.947
1670.7045
1900.567
1815.834
1947.7755
2187.98
2367.3085
2520.229
2703.183
2719.534
2618.1215
2210.7705
2291.817
2307.589
2701.415
2742.7275
2723.1495
1439.2165
2759.015
2710.4545
2689
2735.305
2741.053
2635.4795
2618.368
2599.389
2566.875
2563.3905
2654.715
2694.362
2665.43
2596.1245
2539.0685
2535.6805
2252.317
2032.9065
1779.9635
1359.137
1358.802
1621.156
1699.298
1614.287
1655.764
1837.8995
1815.336
1798.96
1036.3705
2161.7085
2022.384
1934.8355
1823.893
1878.0285
2143.9805
1950.032
1871.946
2003.9245
1696.656
1514.8205
1897.886
2149.763
2088.716
1556.637
1377.1835
1320.519
1209.568
1118.379
1261.856
1486.0225
1464.274
1365.508
1193.8365
988.6505
843.813
825.557
762.336
475.9205
1218.4115
1728.26
2050.937
2171.1805
2045.5455
2113.3945
2059.212
2040.5045
2213.942
2226.276
2094.0015
2276.6685
2208.4285
1902.4495
1944.7735
1620.458
1358.073
1246.7995
1033.2295
896.7335
808.734
757.8995
848.054
894.927
1122.993
1245.3565
1390.369
1400.0015
758.032
1763.1865
1930.771
2068.539
2215.0415
2374.2905
2609.5305
2753.652
2989.5885
3276.722
3484.577
3567.407
3653.778
3691.8545
3694.446
3750.445
3842.178
3904.1215
3842.378
3860.1565
3707.148
3739.99
3693.515
3784.712
3752.3065
3773.644
3819.8355
3825.12
3721.541
1935.6795
3496.8325
1735.2775
3065.1755
2905.9955
2791.241
2525.945
2267.795
2549.0075
2372.958
1864.4545
1565.1075
1294.489
1000.935
1090.4145
1208.7845
1230.557
1492.401
1645.8435
1754.6435
1897.155
1915.963
1766.2895
1708.782
1830.61
1046.022
1849.3885
1920.736
1905.3845
1025.7385
1869.1185
1758.5015
1471.8615
1363.98
1438.477
1226.507
1094.5505
1131.0095
1203.35
1468.419
1541.8115
1706.5605
1608.7335
1579.0215
1453.4855
1631.785
1528.037
1428.9025
1620.365
1683.006
1630.545
1867.5125
2302.824
2242.599
2224.303
2555.653
2618.331
2602.833
1316.106
2727.172
2539.951
2777.892
1579.7805
3610.6785
3752.211
1981.805
3800.496
3804.9945
3832.849
3816.28
3732.002
3664.4875
3550.017
3631.154
3819.4305
3795.449
3858.276
3818.6885
3851.2675
3895.523
3943.077
3963.1215
3953.0025
3639.043
3100.635
3253.2075
3209.301
3088.8025
3131.903
2979.4415
3186.291
3038.441
2510.307
2566.193
1295.8985
2272.626
2230.5875
2496.951
2626.0445
2524.278
2372.9065
2174.939
2555.4345
3191.26
3260.434
3233.044
3332.5605
3234.4455
2943.7225
2666.6095
2535.7745
2676.549
2974.515
3431.548
3636.9675
3439.804
3339.695
3264.623
3194.1825
2990.601
3040.049
2977.687
2942.608
1454
2933.1405
2868.108
2703.9885
2592.7725
2742.636
2882.7085
3313.1985
3635.92
3654.744
3755.6865
3859.6795
3838.4035
3858.8765
3980.187
3994.5345
3944.6175
3974.637
3980.5965
3941.3245
3782.601
3663.756
3700.1415
3569.6485
3468.329
3470.213
3261.751
2967.8505
2156.46
993.1275
1893.794
1988.687
2027.138
2472.861
2664.0905
2730.8395
2527.9545
2561.917
2649.646
2494.542
2494.186
2282.9245
2170.019
1931.4085
2076.504
2354.1535
2533.0185
1264.697
2395.179
2359.709
2349.714
2374.953
2521.657
2734.222
3075.3495
3045.927
3392.395
3483.261
1741.3055
3046.4665
2960.9365
2771.423
3014.001
2750.7035
2754.083
2670.863
2756.2215
2727.941
2853.734
2837.6765
2771.3545
2936.869
2973.2505
3030.7915
3224.553
3159.7895
3267.685
3127.171
3033.819
3006.344
3048.6875
3156.0075
3342.118
3493.8075
3502.22
3573.871
3701.6945
1928.7025
3749.661
3702.308
3510.4985
3602.7105
3513.593
3674.9335
3599.084
3677.771
3734.563
3664.918
3641.579
3652.822
3596.279
1861.528
1826.906
3191.8625
3225.3635
3137.224
2822.1245
2634.107
2285.0555
2438.8135
2790.0195
2834.183
2759.096
2766.629
2764.051
2822.4505
3035.6305
3191.4135
3262.5765
3411.3415
3510.529
3496.463
3483.062
3647.803
3565.6765
3362.5025
3326.924
3458.387
3362.302
3243.3675
3178.427
1487.227
2691.1435
2670.521
2659.987
2767.762
2495.059
2178.6795
1956.8685
1952.9575
2017.925
1857.65
1672.9
1382.904
1222.5225
1176.5985
1100.155
1162.074
1227.305
1274.061
1527.3225
1803.163
1887.243
1998.603
1923.52
1974.5755
2131.6185
2117.0715
1995.1515
1469.096
617.2065
1249.0125
1182.314
1078.186
995.489
789.431
692.266
617.945
578.636
585.709
644.406
804.95
904.753
835.969
808.609
892.013
1050.534
967.234
883.706
943.75
1124.6275
1242.6865
1327.102
1349.63
1347.6345
1327.615
1463.186
1467.367
1384.3905
658.761
1495.8785
1594.1455
1671.474
1753.0555
1870.299
1925.61
1947.825
1894.399
1975.6955
2085.575
2365.7455
2516.3575
2799.8235
3084.4855
3310.459
3484.7915
3636.7005
3653.012
3843.4975
3712.295
3615.8875
1797.7615
3025.7755
2508.546
2284.6645
2307.2545
2416.5265
2630.4025
1322.1005
2415.8855
2393.3445
2448.663
2362.2775
2270.6115
2614.6665
2846.045
3043.407
3289.359
3297.7365
3464.2755
3307.9335
3261.395
3283.3685
3434.1985
3458.0305
3310.218
3638.8895
3475.7615
3373.5755
3375.427
3251.0765
3225.0115
3212.184
3261.8585
3619.1695
3461.1205
3312.259
1871.3005
3812.293
3700.2425
3800.329
3842.6495
3995.143
3829.6455
3777.968
3829.1065
3950.556
4048.946
3957.3345
3926.8265
3833.988
3740.2005
3897.509
3890.2525
3794.303
3759.7575
3852.878
4007.8975
4026.6365
4004.3435
4074.9235
4078.11
4137.798
4171.764
4157.6965
4044.623
2107.4025
4072.7555
3858.7225
3481.367
3127.365
2805.992
2564.473
2605.9015
2981.9455
3121.428
3429.475
3484.311
3432.6115
3364.566
3364.508
3384.7355
3316.442
3051.7085
2732.8285
2494.684
2483.557
2276.352
2109.865
2081.358
1960.4275
1876.8835
1781.601
1774.9845
1717.9635
855.3455
1465.6635
1240.276
1329.3015
1378.4765
1233.836
1204.812
1168.2435
1273.528
1456.4015
1484.2055
1361.4585
1261.5365
1245.637
1227.1185
1088.762
1033.637
994.088
1034.9835
1059.713
1061.307
1032.811
1153.0605
1129.9765
1156.4695
1151.134
1150.6355
1148.9425
1034.064
499.1875
875.8225
851.463
850.0775
851.6005
835.079
963.1785
1027.5745
1051.391
983.8565
940.845
974.6725
964.752
1095.2525
1349.176
1551.857
1691.498
1719.1365
1664.3575
1484.0075
1504.834
1411.799
1370.11
1516.975
1567.276
1747.517
2081.4795
2144.92
2365.8495
1281.6355
2465.839
2257.419
1911.3345
1509.7175
1385.9965
1240.9715
1068.4075
1044.3455
1043.2265
988.1475
1085.5225
1207.596
1019.9845
1062.2335
1109.9035
1016.936
995.383
560.244
1192.8
1320.0045
1486.906
1467.0515
1456.603
1618.435
1736.2425
1761.7205
1690.363
1663.7135
932.2935
1849.88
1904.288
1821.604
1752.1075
1950.2375
2011.1945
1848.835
1933.83
2134.288
2225.786
2107.419
1956.86
1877.953
1787.222
1829.49
1536.698
1362.4575
1237.8245
1091.8365
1123.439
990.225
916.6945
703.5635
639.893
529.5175
538.978
465.099
480.495
304.7845
601.7905
497.535
491.7705
620.521
797.403
783.214
1082.4575
969.185
1007.0635
1215.445
1293.583
1574.7085
1880.523
2443.7
2716.147
2888.152
3260.2485
3234.744
3408.9425
3731.1565
4056.0115
4325.1615
4387.36
4421.2315
4363.707
4167.3865
3732.3825
3518.086
1796.208
3390.296
3264.5395
3318.46
3446.2395
3726.4295
3830.492
3802.5255
3967.967
4157.346
4316.4425
4383.6705
2282.014
4391.48
4473.261
4314.8455
4065.9595
3901.4595
3588.0585
3839.8795
4437.6425
4486.648
4462.874
4428.1145
4391.693
4353.5165
4197.011
4131.731
3997.2505
1977.121
4193.4455
4204.89
4253.3275
4247.615
4356.7185
4383.608
4397.0015
4364.4765
4351.3345
4219.193
4335.729
4381.638
4208.9885
4264.9725
4351.1875
4394.4965
4351.583
4351.7765
4414.4565
4402.371
4352.8105
4273.572
4273.688
4208.533
4027.2195
3857.377
3855.766
3779.775
1981.142
3926.5045
3991.0275
4006.2495
3946.4565
3910.0655
3843.488
3713.961
3847.039
3749.005
3923.221
4043.1195
3894.8845
3690.336
3448.0635
3141.5235
3106.947
2936.948
2338.2785
1883.9625
2066.2165
1982.622
2265.905
2716.169
2952.786
3209.1115
3089.173
3159.3375
3247.417
1721.264
3257.581
3400.1725
3351.585
3030.275
2873.27
2618.0675
2512.4075
2649.649
2721.118
2928.895
2388.168
2330.009
2364.1515
2197.4855
2022.279
1921.674
2175.193
2515.1105
2664.0975
3190.134
3259.906
3621.8755
3906.605
4037.852
3932.293
4018.2135
3990.4355
4087.2055
2095.0395
4179.245
4227.814
4273.498
4273.2025
4159.827
4220.2935
4263.8345
3979.132
4106.322
3720.4145
3330.529
3223.3545
3141.407
2932.74
2646.478
2505.346
2412.983
2339.897
2447.457
2935.104
2748.2495
2769.592
2630.0855
2392.7135
1978.446
1728.3275
1565.5225
1524.151
699.708
1188.6155
1094.063
939.4345
776.8065
686.2825
643.798
583.653
634.2185
616.4905
525.0385
632.3495
646.327
674.099
657.0865
609.651
594.692
575.099
558.424
593.81
677.262
762.4255
761.643
830.131
861.91
905.182
1093.451
1379.5985
1661.093
871.327
2205.5065
2715.3935
3161.6705
3354.0865
3651.787
3877.4645
3864.6155
3373.5955
2888.5745
2650.141
2525.6755
2351.274
2334.3125
2357.1925
2500.55
2275.7575
1921.869
1722.2275
1808.6745
2003.6055
1868.8115
1847.664
1899.3275
1745.866
2094.374
2597.307
2882.2875
3114.5645
1758.867
3592.6555
3696.4055
3746.7695
3749.7945
3826.71
1968.6655
3818.3295
3649.1245
3485.7795
3371.4145
3156.3555
2849.7545
3067.719
3338.34
3462.3485
3959.824
4211.8995
4180.0985
4057.631
4207.1005
4304.263
4315.299
4331.1095
4247.6555
4189.573
3923.2505
3964.007
4240.37
2255.69
4317.4605
4312.736
4375.055
4383.794
4384.4125
4348.9925
4263.4745
4113.887
4149.384
4122.9475
4136.49
4154.7335
4257.4705
4349.768
4323.653
4320.5865
4360.4845
4379.215
4359.636
4336.843
4245.0005
4138.866
4080.1315
3761.6905
3627.6585
3857.288
4200.6495
4213.7105
2214.3785
4241.162
4284.2065
4286.5975
4242.061
4202.0475
4149.054
4062.4255
4026.1055
3863.3815
3879.5035
3646.549
3601.3815
3743.3665
3863.105
3994.225
3897.4315
3853.9475
3976.359
3897.834
3618.0595
3086.678
2990.626
2804.7775
3023.095
3252.587
3241.334
3003.9415
2928.403
1390.033
2758.553
2939.8315
3011.581
2996.6305
2790.347
2729.4815
2557.3705
2516.2445
2312.6905
1983.3135
1613.835
1495.1275
1328.3755
1374.993
1278.568
1240.5855
1116.3605
958.0405
888.001
733.302
700.0815
662.9805
686.8705
634.3635
560.6785
533.294
534.1225
558.2755
316.484
630.271
630.1065
638.0785
630.9645
632.399
679.919
711.0285
716.8645
802.88
751.064
697.1395
827.443
986.1075
1122.401
1259.732
1362.7145
1458.9775
1477.599
1480.9945
1511.3045
1634.2395
1722.316
1714.414
1591.9015
1565.8825
1733.396
2021.0035
1879.1515
950.2755
1636.091
1653.978
944.682
1783.1725
1791.8385
2000.676
2220.036
2376.4835
2760.9625
3093.751
3458.826
3523.9065
3570.4235
3530.8345
3485.512
3460.1125
3528.8365
3542.0385
3459.2195
3424.931
3486.384
3483.3815
3440.301
3445.548
3314.4455
3176.818
2937.5585
2883.1135
1543.0905
3075.7765
3015.481
3018.04
2868.6285
2594.1605
2426.339
2230.441
2066.1255
1850.9505
1717.406
1604.453
1735.103
1642.873
1557.9135
1689.4415
1549.01
1702.1805
1969.486
2457.374
2288.7085
1707.4875
1463.99
1249.1575
1447.1155
1492.2055
1575.9885
1771.427
1989.5325
2015.2905
1951.6305
1719.836
2111.916
2396.965
2622.281
1451.087
1563.2275
3053.456
3096.5985
3217.306
3589.0025
3821.8865
3979.022
4011.36
3990.7165
4015.543
4071.65
3890.618
3652.0755
3648.0495
3811.5875
3533.016
3455.3205
3762.5285
3834.194
3158.68
2983.0785
3623.538
2024.655
3547.4305
3431.896
3176.7145
2910.621
2712.1945
2325.514
2043.1055
1591.5565
1477.261
1396.11
1221.8285
820.543
898.4815
1077.7845
1424.299
1685.625
1664.633
1693.49
1781.675
1933.9895
2047.636
2007.072
1785.6365
1855.401
2115.136
2395.3805
2566.2065
2491.623
1175.859
2260.3765
2054.915
1950.458
1858.198
1544.8905
1529.367
1473.0005
1623.6855
1870.2735
2192.1375
2522.896
2647.0375
2885.9275
3234.84
3310.3665
3597.4485
3790.497
3873.1375
3917.9965
3946.786
3854.3395
3967.9425
3749.593
4006.501
4134.041
4120.8025
3993.6995
3973.749
2091.701
4121.4305
3731.197
3423.559
3411.961
3278.3535
3464.6165
3586.182
3621.3185
3558.4285
3508.1395
3421.8635
3227.4595
3017.502
2592.6585
2353.152
2200.073
2314.6405
2245.585
2374.6825
2377.13
2537.6685
2623.9375
2747.746
2522.657
2479.989
2499.1755
2162.3185
2316.416
1362.1405
2963.377
3300.0725
3371.405
3174.6595
3163.5705
3244.9215
3200.5245
3213.472
3212.579
2977.146
2903.7385
2598.1615
2647.532
2667.6455
2819.0645
3111.586
3276.8685
3403.5225
3274.4135
3341.5765
3414.054
3381.051
3482.509
3308.329
3519.309
3655.25
3702.08
3601.1305
1809.8625
3269.394
2995.794
2326.4945
2230.682
1967.9525
900.6415
1557.2405
1517.8045
1531.03
1675.251
1645
1533.448
1441.1495
1431.1275
1448.41
1488.611
1628.776
1767.717
1939.228
1899.7415
1925.325
2275.68
2269.78
2608.249
3064.2985
3120.234
2921.521
2807.965
1419.1755
3201.133
3376.9085
3586.9325
3440.5125
3502.0385
3357.7195
3409.9695
3389.8575
3376.7795
3308.273
3224.8415
3066.6395
3092.265
2931.8825
2682.083
2772.556
2739.361
2680.9925
2634.8895
2325.7655
2013.355
1682.102
1415.7765
1473.8175
644.0315
952.371
860.189
606.177
282.768
453.5925
739.442
722.0705
715.4575
541.6975
784.2235
1092.047
1165.3405
1278.604
1430.762
1549.5605
1518.7385
1682.041
1522.979
1325.0125
1206.525
1028.268
940.3335
732.992
617.5885
612.8625
661.3255
596.6345
575.5515
471.342
410.075
346.0585
347.178
183.089
347.3955
342.3605
354.811
402.2885
545.1115
538.44
473.054
348.9775
330.931
338.494
504.6455
628.725
589.2795
528.6005
540.394
690.866
757.281
744.0825
748.868
782.459
764.3085
903.423
933.481
840.141
817.2625
825.5635
766.0065
662.7685
336.786
718.338
811.3
901.317
789.9285
735.647
850.8695
824.468
904.905
913.4715
847.001
857.5525
896.654
821.905
807.9615
734.014
709.389
745.063
781.132
721.295
857.8455
915.4575
949.3775
831.0785
862.6485
909.5795
830.5725
688.5955
741.4405
379.0755
706.2705
668.1105
562.988
429.3105
369.9975
296.3525
280.8685
315.631
261.112
202.283
167.199
159.091
164.1945
144.9845
95.732
67.245
56.355
56.1335
37.2005
35.0325
33.473
40.8385
84.009
128.859
200.236
263.9475
356.0425
353.4045
247.201
607.0685
673.6365
875.125
899.512
1051.4185
1321.0845
1263.429
1540.2305
1391.898
1363.5665
1075.044
1014.0475
965.577
935.479
834.262
693.211
859.774
1125.8555
1467.3895
1852.194
1943.9495
1995.8285
2383.261
2783.466
2942.1355
3274.337
3348.5115
3621.2435
1887.7585
4040.8585
3968.785
3785.1645
3384.252
3548.8815
3533.2365
3137.027
2798.928
2533.8165
2029.316
1715.557
1500.0235
1369.256
1034.556
838.8675
636.5305
898.9765
968.7155
1041.3325
1204.5505
1245.1985
1395.5555
1378.997
1496.807
1761.899
1987.943
2020.042
1977.194
976.4065
1630.2855
1458.853
1336.035
1480.1495
1715.2195
1695.039
1645.732
1577.5845
1536.5705
1465.1875
1279.1425
1462.518
1253.523
1299.1165
1303.466
1193.338
1267.4325
1301.5095
1556.922
1582.8875
1591.4315
1497.096
1672.145
1950.4045
2061.2805
2255.78
2364.4115
2536.882
1317.561
2666.8805
2814.643
2945.9975
3020.4315
3131.257