713
580
524
650
718
797
899
1042
1142
1479
1717
2068
2309
2469
2658
2843
2907
2854
3046
2759
2380
2073
1823
1490
1242
1262
1159
1049
1040
1052
952
800
750
972
1248
1491
1576
1396
1317
1213
1608
1856
1988
2079
2379
2496
2460
2341
2262
2249
2201
2174
2217
2027
2048
2088
2025
1787
1899
1894
1829
1779
1493
1468
1609
1557
1494
1636
1552
1436
1576
1506
1241
1164
966
931
1046
892
733
593
690
831
906
966
934
882
834
724
758
691
738
670
604
610
653
621
550
602
657
708
763
961
1092
1175
1324
1374
1544
1590
1626
1657
1659
1620
1568
1671
1829
1824
1838
1721
1557
1635
1543
1438
1647
1740
1850
1966
1855
1630
1685
1851
1919
2177
2074
1962
1749
1496
1339
1226
1114
1088
960
842
803
800
689
549
485
424
329
244
164
84
36
27
34
62
98
168
238
228
298
316
443
515
559
769
983
961
959
992
1031
1052
1100
1274
1267
1323
1306
1297
1352
1483
1619
1826
1800
1878
1998
1999
2061
2201
2089
2079
2236
2244
2190
2122
2173
2319
2818
2961
3055
3297
3338
3286
3220
3294
3016
2928
2698
2514
2214
1871
1793
1637
1568
1595
1458
1510
1571
1644
1457
1327
1279
1274
1174
896
730
704
782
754
889
845
696
623
553
381
277
163
81
68
59
84
114
160
276
242
271
236
206
186
127
148
141
118
130
112
96
103
105
158
118
106
100
147
135
170
210
283
320
314
279
303
324
355
351
508
914
1419
1861
1990
1832
1819
1700
1700
1512
1524
1321
1351
1457
1435
1407
1059
959
992
1008
1045
738
536
327
331
421
392
344
296
239
288
373
493
511
545
613
734
778
795
874
898
971
1145
1211
1273
1345
1337
1206
1165
1325
1648
1638
1647
1579
1656
1946
2133
2227
2273
2264
2179
2186
2234
2292
2272
2280
2414
2460
2541
2635
2508
2412
2565
2870
2839
2640
2653
2511
2457
2627
2664
2730
2820
2789
2803
2819
2856
2700
2615
2577
2636
2861
2911
3028
3094
3197
3357
3382
3299
3260
3184
3069
2991
2963
2904
2732
2755
2694
2528
2307
2218
2044
2001
1734
1540
1487
1599
1587
1502
1369
1339
1171
1073
1103
1211
1128
1114
1086
1212
1273
1478
1376
1375
1211
1251
1312
1407
1481
1461
1216
989
852
712
512
527
568
620
612
753
896
1445
1822
1911
2107
2005
2022
1859
1581
1085
760
631
669
1213
1663
1713
1687
1752
2003
2042
2162
2281
2237
2195
1982
1914
1756
1758
1732
1716
1664
1646
1359
1307
1254
1239
1124
1074
878
768
698
900
911
940
888
797
788
542
372
478
545
599
698
473
348
283
250
213
159
150
207
345
547
722
839
932
1078
1351
1692
1845
2122
2242
2499
2604
2752
2760
2689
2732
2645
2629
2564
2503
2371
2331
2361
2234
1975
1895
1567
1276
992
838
761
697
755
650
496
485
384
296
194
137
98
95
77
113
129
87
69
63
81
109
175
231
321
374
381
744
1020
1228
1493
1556
1393
1512
1548
1411
1326
1465
1440
1265
1259
1364
1182
1181
1019
1298
1591
1786
1900
1874
1975
2189
2168
2283
2385
2350
2332
2331
2162
1814
1790
1582
1467
1254
1043
847
659
588
445
292
273
192
102
53
44
31
34
58
137
250
396
763
1245
1386
1745
2361
2789
2873
2436
2440
2274
2343
2229
2268
2232
2417
2669
2728
2651
2629
2609
2328
2237
1979
1795
1811
1571
1528
1368
1108
991
865
641
537
425
296
276
293
357
360
415
483
586
1027
1710
2512
2874
2818
3400
3458
3287
3360
3068
2752
2521
2535
2379
2268
2315
2325
2600
2991
3152
3020
2967
3081
2994
3048
3105
3220
2944
3252
3360
3258
3179
3169
3253
2985
2765
2728
2707
2639
2533
2533
2767
3229
3239
3234
3117
2936
2820
2899
2569
2294
1966
1748
1396
1251
1395
1257
1096
871
810
739
730
806
890
907
875
945
1241
1557
1114
1275
1470
1530
1669
1753
1728
1998
2236
2290
2488
2452
2312
2648
2865
2830
2826
2741
2658
2590
2729
2828
2850
2738
2729
2741
3078
3228
3148
3125
2863
2781
2864
2913
2752
2784
2685
2729
2738
2805
2609
2525
2623
2540
2410
2490
2383
2307
2061
2117
2164
2151
1897
1568
1363
1354
1384
1292
1160
1004
909
743
608
537
462
367
333
245
272
176
154
115
84
61
28
23
21
27
30
31
35
33
33
34
50
140
155
201
309
337
466
743
944
1219
1470
1679
1922
2107
1935
1883
1894
1624
1421
1412
1387
1224
994
820
675
447
379
255
222
181
188
225
299
372
471
558
581
607
685
812
966
1193
1349
1667
1830
2104
2249
2364
2472
2547
2729
2899
2814
2782
2792
2751
2675
2574
2473
2205
1986
1723
1498
1240
962
847
869
969
1230
1529
1726
1678
1821
2049
2165
2216
2284
2449
2451
2443
2456
2508
2486
2227
2009
2021
1973
2016
2110
2268
2348
2499
2670
3073
3351
3329
3009
2848
2482
2160
2080
1890
1802
1756
1645
1919
1900
1987
1966
1983
2085
2020
2011
1906
1924
1896
1950
1823
1776
1711
1709
1640
1469
1380
1350
1323
1262
1216
1002
968
979
977
862
812
767
717
712
752
798
875
896
842
709
699
641
599
649
649
649
896
992
923
1172
1353
1262
1189
1163
1182
1101
1084
1037
907
691
638
542
446
363
190
114
55
14
4
13
14
34
151
207
258
269
470
566
784
1099
1308
1473
1517
1601
1809
1967
1996
2026
2066
2047
1971
1750
1561
1495
1345
1147
1088
1086
1086
1077
909
740
711
568
568
626
513
447
411
363
336
361
345
344
406
528
601
861
1127
1428
1585
1773
2053
2415
2506
2692
2929
3198
3321
3200
2835
2527
2164
1843
1501
1251
1141
1213
1135
1121
1022
1036
970
848
710
651
538
424
338
231
186
175
153
177
173
198
192
176
184
255
272
271
283
256
269
265
281
292
297
305
293
317
300
251
218
256
397
422
430
442
423
473
496
531
497
480
419
400
359
333
288
268
281
317
369
468
561
558
533
488
546
597
662
880
1103
1489
1706
1850
2008
2112
2432
2583
2563
2604
2450
2391
2401
2487
2456
2560
2657
2582
2509
2388
2243
2028
1825
1718
1579
1349
1112
934
836
731
536
399
276
201
220
254
392
564
618
596
605
468
326
216
181
225
225
281
418
431
393
349
332
239
210
167
160
192
227
276
388
433
467
430
465
503
495
609
696
783
843
774
823
813
780
797
826
930
1000
881
850
917
966
1099
1366
1441
1603
1836
1939
1876
1862
1991
2095
2187
2359
2533
2715
2474
2459
2557
2573
2601
2505
2564
2562
2676
2582
2433
2494
2725
2543
2112
1704
1301
1069
1040
1142
1302
1395
1503
1623
1711
1831
1888
1972
1954
2150
2086
2371
2467
2434
2488
2828
2747
2992
3469
3771
3723
3671
3623
3681
3744
3707
3775
3743
3617
3573
3572
3484
3106
3065
2928
2776
2757
2757
2696
2677
2864
2779
2811
2821
2819
3002
3188
3120
2987
2925
2797
2742
2554
2216
1908
1746
1579
1471
1383
1475
1575
1755
1741
1891
1761
1709
1940
2215
2385
2578
2932
3344
3298
3354
3443
3811
3881
3695
3490
3322
3085
2865
2715
2445
2495
2466
2425
2399
2427
2536
2507
2724
3101
3245
3339
3306
3259
3414
3486
3315
2753
3066
3388
3342
3069
2989
2800
2620
2369
2404
2415
2547
2763
2944
2678
2201
1788
1238
730
522
430
448
879
1279
1675
2132
2598
2938
3219
2995
2742
2587
2375
2305
2334
2351
2624
3207
3611
3580
3605
3705
3303
3213
3223
3105
3189
3142
2953
2794
2824
2776
2644
2499
2417
2473
2619
2500
2391
2380
2255
2003
2122
1976
1886
1974
2069
2092
2294
2184
2201
1898
1847
1619
1707
1744
1699
1763
1620
1567
1494
1515
1482
1394
1250
1314
1423
1588
1746
1730
1700
1511
1504
1437
1840
1857
2234
2506
2737
2685
2627
2730
2802
2744
2633
2576
2498
2477
2775
3211
3520
3219
2915
2946
2916
2821
2473
2068
713
580
524
650
718
797
899
1042
1142
1479
1717
2068
2309
2469
2658
2843
2907
2854
3046
2759
2380
2073
1823
1490
1242
1262
1159
1049
1040
1052
952
800
750
972
1248
1491
1576
1396
1317
1213
1608
1856
1988
2079
2379
2496
2460
2341
2262
2249
2201
2174
2217
2027
2048
2088
2025
1787
1899
1894
1829
1779
1493
1468
1609
1557
1494
1636
1552
1436
1576
1506
1241
1164
966
931
1046
892
733
593
690
831
906
966
934
882
834
724
758
691
738
670
604
610
653
621
550
602
657
708
763
961
1092
1175
1324
1374
1544
1590
1626
1657
1659
1620
1568
1671
1829
1824
1838
1721
1557
1635
1543
1438
1647
1740
1850
1966
1855
1630
1685
1851
1919
2177
2074
1962
1749
1496
1339
1226
1114
1088
960
842
803
800
689
549
485
424
329
244
164
84
36
27
34
62
98
168
238
228
298
316
443
515
559
769
983
961
959
992
1031
1052
1100
1274
1267
1323
1306
1297
1352
1483
1619
1826
1800
1878
1998
1999
2061
2201
2089
2079
2236
2244
2190
2122
2173
2319
2818
2961
3055
3297
3338
3286
3220
3294
3016
2928
2698
2514
2214
1871
1793
1637
1568
1595
1458
1510
1571
1644
1457
1327
1279
1274
1174
896
730
704
782
754
889
845
696
623
553
381
277
163
81
68
59
84
114
160
276
242
271
236
206
186
127
148
141
118
130
112
96
103
105
158
118
106
100
147
135
170
210
283
320
314
279
303
324
355
351
508
914
1419
1861
1990
1832
1819
1700
1700
1512
1524
1321
1351
1457
1435
1407
1059
959
992
1008
1045
738
536
327
331
421
392
344
296
239
288
373
493
511
545
613
734
778
795
874
898
971
1145
1211
1273
1345
1337
1206
1165
1325
1648
1638
1647
1579
1656
1946
2133
2227
2273
2264
2179
2186
2234
2292
2272
2280
2414
2460
2541
2635
2508
2412
2565
2870
2839
2640
2653
2511
2457
2627
2664
2730
2820
2789
2803
2819
2856
2700
2615
2577
2636
2861
2911
3028
3094
3197
3357
3382
3299
3260
3184
3069
2991
2963
2904
2732
2755
2694
2528
2307
2218
2044
2001
1734
1540
1487
1599
1587
1502
1369
1339
1171
1073
1103
1211
1128
1114
1086
1212
1273
1478
1376
1375
1211
1251
1312
1407
1481
1461
1216
989
852
712
512
527
568
620
612
753
896
1445
1822
1911
2107
2005
2022
1859
1581
1085
760
631
669
1213
1663
1713
1687
1752
2003
2042
2162
2281
2237
2195
1982
1914
1756
1758
1732
1716
1664
1646
1359
1307
1254
1239
1124
1074
878
768
698
900
911
940
888
797
788
542
372
478
545
599
698
473
348
283
250
213
159
150
207
345
547
722
839
932
1078
1351
1692
1845
2122
2242
2499
2604
2752
2760
2689
2732
2645
2629
2564
2503
2371
2331
2361
2234
1975
1895
1567
1276
992
838
761
697
755
650
496
485
384
296
194
137
98
95
77
113
129
87
69
63
81
109
175
231
321
374
381
744
1020
1228
1493
1556
1393
1512
1548
1411
1326
1465
1440
1265
1259
1364
1182
1181
1019
1298
1591
1786
1900
1874
1975
2189
2168
2283
2385
2350
2332
2331
2162
1814
1790
1582
1467
1254
1043
847
659
588
445
292
273
192
102
53
44
31
34
58
137
250
396
763
1245
1386
1745
2361
2789
2873
2436
2440
2274
2343
2229
2268
2232
2417
2669
2728
2651
2629
2609
2328
2237
1979
1795
1811
1571
1528
1368
1108
991
865
641
537
425
296
276
293
357
360
415
483
586
1027
1710
2512
2874
2818
3400
3458
3287
3360
3068
2752
2521
2535
2379
2268
2315
2325
2600
2991
3152
3020
2967
3081
2994
3048
3105
3220
2944
3252
3360
3258
3179
3169
3253
2985
2765
2728
2707
2639
2533
2533
2767
3229
3239
3234
3117
2936
2820
2899
2569
2294
1966
1748
1396
1251
1395
1257
1096
871
810
739
730
806
890
907
875
945
1241
1557
1114
1275
1470
1530
1669
1753
1728
1998
2236
2290
2488
2452
2312
2648
2865
2830
2826
2741
2658
2590
2729
2828
2850
2738
2729
2741
3078
3228
3148
3125
2863
2781
2864
2913
2752
2784
2685
2729
2738
2805
2609
2525
2623
2540
2410
2490
2383
2307
2061
2117
2164
2151
1897
1568
1363
1354
1384
1292
1160
1004
909
743
608
537
462
367
333
245
272
176
154
115
84
61
28
23
21
27
30
31
35
33
33
34
50
140
155
201
309
337
466
743
944
1219
1470
1679
1922
2107
1935
1883
1894
1624
1421
1412
1387
1224
994
820
675
447
379
255
222
181
188
225
299
372
471
558
581
607
685
812
966
1193
1349
1667
1830
2104
2249
2364
2472
2547
2729
2899
2814
2782
2792
2751
2675
2574
2473
2205
1986
1723
1498
1240
962
847
869
969
1230
1529
1726
1678
1821
2049
2165
2216
2284
2449
2451
2443
2456
2508
2486
2227
2009
2021
1973
2016
2110
2268
2348
2499
2670
3073
3351
3329
3009
2848
2482
2160
2080
1890
1802
1756
1645
1919
1900
1987
1966
1983
2085
2020
2011
1906
1924
1896
1950
1823
1776
1711
1709
1640
1469
1380
1350
1323
1262
1216
1002
968
979
977
862
812
767
717
712
752
798
875
896
842
709
699
641
599
649
649
649
896
992
923
1172
1353
1262
1189
1163
1182
1101
1084
1037
907
691
638
542
446
363
190
114
55
14
4
13
14
34
151
207
258
269
470
566
784
1099
1308
1473
1517
1601
1809
1967
1996
2026
2066
2047
1971
1750
1561
1495
1345
1147
1088
1086
1086
1077
909
740
711
568
568
626
513
447
411
363
336
361
345
344
406
528
601
861
1127
1428
1585
1773
2053
2415
2506
2692
2929
3198
3321
3200
2835
2527
2164
1843
1501
1251
1141
1213
1135
1121
1022
1036
970
848
710
651
538
424
338
231
186
175
153
177
173
198
192
176
184
255
272
271
283
256
269
265
281
292
297
305
293
317
300
251
218
256
397
422
430
442
423
473
496
531
497
480
419
400
359
333
288
268
281
317
369
468
561
558
533
488
546
597
662
880
1103
1489
1706
1850
2008
2112
2432
2583
2563
2604
2450
2391
2401
2487
2456
2560
2657
2582
2509
2388
2243
2028
1825
1718
1579
1349
1112
934
836
731
536
399
276
201
220
254
392
564
618
596
605
468
326
216
181
225
225
281
418
431
393
349
332
239
210
167
160
192
227
276
388
433
467
430
465
503
495
609
696
783
843
774
823
813
780
797
826
930
1000
881
850
917
966
1099
1366
1441
1603
1836
1939
1876
1862
1991
2095
2187
2359
2533
2715
2474
2459
2557
2573
2601
2505
2564
2562
2676
2582
2433
2494
2725
2543
2112
1704
1301
1069
1040
1142
1302
1395
1503
1623
1711
1831
1888
1972
1954
2150
2086
2371
2467
2434
2488
2828
2747
2992
3469
3771
3723
3671
3623
3681
3744
3707
3775
3743
3617
3573
3572
3484
3106
3065
2928
2776
2757
2757
2696
2677
2864
2779
2811
2821
2819
3002
3188
3120
2987
2925
2797
2742
2554
2216
1908
1746
1579
1471
1383
1475
1575
1755
1741
1891
1761
1709
1940
2215
2385
2578
2932
3344
3298
3354
3443
3811
3881
3695
3490
3322
3085
2865
2715
2445
2495
2466
2425
2399
2427
2536
2507
2724
3101
3245
3339
3306
3259
3414
3486
3315
2753
3066
3388
3342
3069
2989
2800
2620
2369
2404
2415
2547
2763
2944
2678
2201
1788
1238
730
522
430
448
879
1279
1675
2132
2598
2938
3219
2995
2742
2587
2375
2305
2334
2351
2624
3207
3611
3580
3605
3705
3303
3213
3223
3105
3189
3142
2953
2794
2824
2776
2644
2499
2417
2473
2619
2500
2391
2380
2255
2003
2122
1976
1886
1974
2069
2092
2294
2184
2201
1898
1847
1619
1707
1744
1699
1763
1620
1567
1494
1515
1482
1394
1250
1314
1423
1588
1746
1730
1700
1511
1504
1437
1840
1857
2234
2506
2737
2685
2627
2730
2802
2744
2633
2576
2498
2477
2775
3211
3520
3219
2915
2946
2916
2821
2473
2068
713
580
524
650
718
797
899
1042
1142
1479
1717
2068
2309
2469
2658
2843
2907
2854
3046
2759
2380
2073
1823
1490
1242
1262
1159
1049
1040
1052
952
800
750
972
1248
1491
1576
1396
1317
1213
1608
1856
1988
2079
2379
2496
2460
2341
2262
2249
2201
2174
2217
2027
2048
2088
2025
1787
1899
1894
1829
1779
1493
1468
1609
1557
1494
1636
1552
1436
1576
1506
1241
1164
966
931
1046
892
733
593
690
831
906
966
934
882
834
724
758
691
738
670
604
610
653
621
550
602
657
708
763
961
1092
1175
1324
1374
1544
1590
1626
1657
1659
1620
1568
1671
1829
1824
1838
1721
1557
1635
1543
1438
1647
1740
1850
1966
1855
1630
1685
1851
1919
2177
2074
1962
1749
1496
1339
1226
1114
1088
960
842
803
800
689
549
485
424
329
244
164
84
36
27
34
62
98
168
238
228
298
316
443
515
559
769
983
961
959
992
1031
1052
1100
1274
1267
1323
1306
1297
1352
1483
1619
1826
1800
1878
1998
1999
2061
2201
2089
2079
2236
2244
2190
2122
2173
2319
2818
2961
3055
3297
3338
3286
3220
3294
3016
2928
2698
2514
2214
1871
1793
1637
1568
1595
1458
1510
1571
1644
1457
1327
1279
1274
1174
896
730
704
782
754
889
845
696
623
553
381
277
163
81
68
59
84
114
160
276
242
271
236
206
186
127
148
141
118
130
112
96
103
105
158
118
106
100
147
135
170
210
283
320
314
279
303
324
355
351
508
914
1419
1861
1990
1832
1819
1700
1700
1512
1524
1321
1351
1457
1435
1407
1059
959
992
1008
1045
738
536
327
331
421
392
344
296
239
288
373
493
511
545
613
734
778
795
874
898
971
1145
1211
1273
1345
1337
1206
1165
1325
1648
1638
1647
1579
1656
1946
2133
2227
2273
2264
2179
2186
2234
2292
2272
2280
2414
2460
2541
2635
2508
2412
2565
2870
2839
2640
2653
2511
2457
2627
2664
2730
2820
2789
2803
2819
2856
2700
2615
2577
2636
2861
2911
3028
3094
3197
3357
3382
3299
3260
3184
3069
2991
2963
2904
2732
2755
2694
2528
2307
2218
2044
2001
1734
1540
1487
1599
1587
1502
1369
1339
1171
1073
1103
1211
1128
1114
1086
1212
1273
1478
1376
1375
1211
1251
1312
1407
1481
1461
1216
989
852
712
512
527
568
620
612
753
896
1445
1822
1911
2107
2005
2022
1859
1581
1085
760
631
669
1213
1663
1713
1687
1752
2003
2042
2162
2281
2237
2195
1982
1914
1756
1758
1732
1716
1664
1646
1359
1307
1254
1239
1124
1074
878
768
698
900
911
940
888
797
788
542
372
478
545
599
698
473
348
283
250
213
159
150
207
345
547
722
839
932
1078
1351
1692
1845
2122
2242
2499
2604
2752
2760
2689
2732
2645
2629
2564
2503
2371
2331
2361
2234
1975
1895
1567
1276
992
838
761
697
755
650
496
485
384
296
194
137
98
95
77
113
129
87
69
63
81
109
175
231
321
374
381
744
1020
1228
1493
1556
1393
1512
1548
1411
1326
1465
1440
1265
1259
1364
1182
1181
1019
1298
1591
1786
1900
1874
1975
2189
2168
2283
2385
2350
2332
2331
2162
1814
1790
1582
1467
1254
1043
847
659
588
445
292
273
192
102
53
44
31
34
58
137
250
396
763
1245
1386
1745
2361
2789
2873
2436
2440
2274
2343
2229
2268
2232
2417
2669
2728
2651
2629
2609
2328
2237
1979
1795
1811
1571
1528
1368
1108
991
865
641
537
425
296
276
293
357
360
415
483
586
1027
1710
2512
2874
2818
3400
3458
3287
3360
3068
2752
2521
2535
2379
2268
2315
2325
2600
2991
3152
3020
2967
3081
2994
3048
3105
3220
2944
3252
3360
3258
3179
3169
3253
2985
2765
2728
2707
2639
2533
2533
2767
3229
3239
3234
3117
2936
2820
2899
2569
2294
1966
1748
1396
1251
1395
1257
1096
871
810
739
730
806
890
907
875
945
1241
1557
1114
1275
1470
1530
1669
1753
1728
1998
2236
2290
2488
2452
2312
2648
2865
2830
2826
2741
2658
2590
2729
2828
2850
2738
2729
2741
3078
3228
3148
3125
2863
2781
2864
2913
2752
2784
2685
2729
2738
2805
2609
2525
2623
2540
2410
2490
2383
2307
2061
2117
2164
2151
1897
1568
1363
1354
1384
1292
1160
1004
909
743
608
537
462
367
333
245
272
176
154
115
84
61
28
23
21
27
30
31
35
33
33
34
50
140
155
201
309
337
466
743
944
1219
1470
1679
1922
2107
1935
1883
1894
1624
1421
1412
1387
1224
994
820
675
447
379
255
222
181
188
225
299
372
471
558
581
607
685
812
966
1193
1349
1667
1830
2104
2249
2364
2472
2547
2729
2899
2814
2782
2792
2751
2675
2574
2473
2205
1986
1723
1498
1240
962
847
869
969
1230
1529
1726
1678
1821
2049
2165
2216
2284
2449
2451
2443
2456
2508
2486
2227
2009
2021
1973
2016
2110
2268
2348
2499
2670
3073
3351
3329
3009
2848
2482
2160
2080
1890
1802
1756
1645
1919
1900
1987
1966
1983
2085
2020
2011
1906
1924
1896
1950
1823
1776
1711
1709
1640
1469
1380
1350
1323
1262
1216
1002
968
979
977
862
812
767
717
712
752
798
875
896
842
709
699
641
599
649
649
649
896
992
923
1172
1353
1262
1189
1163
1182
1101
1084
1037
907
691
638
542
446
363
190
114
55
14
4
13
14
34
151
207
258
269
470
566
784
1099
1308
1473
1517
1601
1809
1967
1996
2026
2066
2047
1971
1750
1561
1495
1345
1147
1088
1086
1086
1077
909
740
711
568
568
626
513
447
411
363
336
361
345
344
406
528
601
861
1127
1428
1585
1773
2053
2415
2506
2692
2929
3198
3321
3200
2835
2527
2164
1843
1501
1251
1141
1213
1135
1121
1022
1036
970
848
710
651
538
424
338
231
186
175
153
177
173
198
192
176
184
255
272
271
283
256
269
265
281
292
297
305
293
317
300
251
218
256
397
422
430
442
423
473
496
531
497
480
419
400
359
333
288
268
281
317
369
468
561
558
533
488
546
597
662
880
1103
1489
1706
1850
2008
2112
2432
2583
2563
2604
2450
2391
2401
2487
2456
2560
2657
2582
2509
2388
2243
2028
1825
1718
1579
1349
1112
934
836
731
536
399
276
201
220
254
392
564
618
596
605
468
326
216
181
225
225
281
418
431
393
349
332
239
210
167
160
192
227
276
388
433
467
430
465
503
495
609
696
783
843
774
823
813
780
797
826
930
1000
881
850
917
966
1099
1366
1441
1603
1836
1939
1876
1862
1991
2095
2187
2359
2533
2715
2474
2459
2557
2573
2601
2505
2564
2562
2676
2582
2433
2494
2725
2543
2112
1704
1301
1069
1040
1142
1302
1395
1503
1623
1711
1831
1888
1972
1954
2150
2086
2371
2467
2434
2488
2828
2747
2992
3469
3771
3723
3671
3623
3681
3744
3707
3775
3743
3617
3573
3572
3484
3106
3065
2928
2776
2757
2757
2696
2677
2864
2779
2811
2821
2819
3002
3188
3120
2987
2925
2797
2742
2554
2216
1908
1746
1579
1471
1383
1475
1575
1755
1741
1891
1761
1709
1940
2215
2385
2578
2932
3344
3298
3354
3443
3811
3881
3695
3490
3322
3085
2865
2715
2445
2495
2466
2425
2399
2427
2536
2507
2724
3101
3245
3339
3306
3259
3414
3486
3315
2753
3066
3388
3342
3069
2989
2800
2620
2369
2404
2415
2547
2763
2944
2678
2201
1788
1238
730
522
430
448
879
1279
1675
2132
2598
2938
3219
2995
2742
2587
2375
2305
2334
2351
2624
3207
3611
3580
3605
3705
3303
3213
3223
3105
3189
3142
2953
2794
2824
2776
2644
2499
2417
2473
2619
2500
2391
2380
2255
2003
2122
1976
1886
1974
2069
2092
2294
2184
2201
1898
1847
1619
1707
1744
1699
1763
1620
1567
1494
1515
1482
1394
1250
1314
1423
1588
1746
1730
1700
1511
1504
1437
1840
1857
2234
2506
2737
2685
2627
2730
2802
2744
2633
2576
2498
2477
2775
3211
3520
3219
2915
2946
2916
2821
2473
2068
713
580
524
650
718
797
899
1042
1142
1479
1717
2068
2309
2469
2658
2843
2907
2854
3046
2759
2380
2073
1823
1490
1242
1262
1159
1049
1040
1052
952
800
750
972
1248
1491
1576
1396
1317
1213
1608
1856
1988
2079
2379
2496
2460
2341
2262
2249
2201
2174
2217
2027
2048
2088
2025
1787
1899
1894
1829
1779
1493
1468
1609
1557
1494
1636
1552
1436
1576
1506
1241
1164
966
931
1046
892
733
593
690
831
906
966
934
882
834
724
758
691
738
670
604
610
653
621
550
602
657
708
763
961
1092
1175
1324
1374
1544
1590
1626
1657
1659
1620
1568
1671
1829
1824
1838
1721
1557
1635
1543
1438
1647
1740
1850
1966
1855
1630
1685
1851
1919
2177
2074
1962
1749
1496
1339
1226
1114
1088
960
842
803
800
689
549
485
424
329
244
164
84
36
27
34
62
98
168
238
228
298
316
443
515
559
769
983
961
959
992
1031
1052
1100
1274
1267
1323
1306
1297
1352
1483
1619
1826
1800
1878
1998
1999
2061
2201
2089
2079
2236
2244
2190
2122
2173
2319
2818
2961
3055
3297
3338
3286
3220
3294
3016
2928
2698
2514
2214
1871
1793
1637
1568
1595
1458
1510
1571
1644
1457
1327
1279
1274
1174
896
730
704
782
754
889
845
696
623
553
381
277
163
81
68
59
84
114
160
276
242
271
236
206
186
127
148
141
118
130
112
96
103
105
158
118
106
100
147
135
170
210
283
320
314
279
303
324
355
351
508
914
1419
1861
1990
1832
1819
1700
1700
1512
1524
1321
1351
1457
1435
1407
1059
959
992
1008
1045
738
536
327
331
421
392
344
296
239
288
373
493
511
545
613
734
778
795
874
898
971
1145
1211
1273
1345
1337
1206
1165
1325
1648
1638
1647
1579
1656
1946
2133
2227
2273
2264
2179
2186
2234
2292
2272
2280
2414
2460
2541
2635
2508
2412
2565
2870
2839
2640
2653
2511
2457
2627
2664
2730
2820
2789
2803
2819
2856
2700
2615
2577
2636
2861
2911
3028
3094
3197
3357
3382
3299
3260
3184
3069
2991
2963
2904
2732
2755
2694
2528
2307
2218
2044
2001
1734
1540
1487
1599
1587
1502
1369
1339
1171
1073
1103
1211
1128
1114
1086
1212
1273
1478
1376
1375
1211
1251
1312
1407
1481
1461
1216
989
852
712
512
527
568
620
612
753
896
1445
1822
1911
2107
2005
2022
1859
1581
1085
760
631
669
1213
1663
1713
1687
1752
2003
2042
2162
2281
2237
2195
1982
1914
1756
1758
1732
1716
1664
1646
1359
1307
1254
1239
1124
1074
878
768
698
900
911
940
888
797
788
542
372
478
545
599
698
473
348
283
250
213
159
150
207
345
547
722
839
932
1078
1351
1692
1845
2122
2242
2499
2604
2752
2760
2689
2732
2645
2629
2564
2503
2371
2331
2361
2234
1975
1895
1567
1276
992
838
761
697
755
650
496
485
384
296
194
137
98
95
77
113
129
87
69
63
81
109
175
231
321
374
381
744
1020
1228
1493
1556
1393
1512
1548
1411
1326
1465
1440
1265
1259
1364
1182
1181
1019
1298
1591
1786
1900
1874
1975
2189
2168
2283
2385
2350
2332
2331
2162
1814
1790
1582
1467
1254
1043
847
659
588
445
292
273
192
102
53
44
31
34
58
137
250
396
763
1245
1386
1745
2361
2789
2873
2436
2440
2274
2343
2229
2268
2232
2417
2669
2728
2651
2629
2609
2328
2237
1979
1795
1811
1571
1528
1368
1108
991
865
641
537
425
296
276
293
357
360
415
483
586
1027
1710
2512
2874
2818
3400
3458
3287
3360
3068
2752
2521
2535
2379
2268
2315
2325
2600
2991
3152
3020
2967
3081
2994
3048
3105
3220
2944
3252
3360
3258
3179
3169
3253
2985
2765
2728
2707
2639
2533
2533
2767
3229
3239
3234
3117
2936
2820
2899
2569
2294
1966
1748
1396
1251
1395
1257
1096
871
810
739
730
806
890
907
875
945
1241
1557
1114
1275
1470
1530
1669
1753
1728
1998
2236
2290
2488
2452
2312
2648
2865
2830
2826
2741
2658
2590
2729
2828
2850
2738
2729
2741
3078
3228
3148
3125
2863
2781
2864
2913
2752
2784
2685
2729
2738
2805
2609
2525
2623
2540
2410
2490
2383
2307
2061
2117
2164
2151
1897
1568
1363
1354
1384
1292
1160
1004
909
743
608
537
462
367
333
245
272
176
154
115
84
61
28
23
21
27
30
31
35
33
33
34
50
140
155
201
309
337
466
743
944
1219
1470
1679
1922
2107
1935
1883
1894
1624
1421
1412
1387
1224
994
820
675
447
379
255
222
181
188
225
299
372
471
558
581
607
685
812
966
1193
1349
1667
1830
2104
2249
2364
2472
2547
2729
2899
2814
2782
2792
2751
2675
2574
2473
2205
1986
1723
1498
1240
962
847
869
969
1230
1529
1726
1678
1821
2049
2165
2216
2284
2449
2451
2443
2456
2508
2486
2227
2009
2021
1973
2016
2110
2268
2348
2499
2670
3073
3351
3329
3009
2848
2482
2160
2080
1890
1802
1756
1645
1919
1900
1987
1966
1983
2085
2020
2011
1906
1924
1896
1950
1823
1776
1711
1709
1640
1469
1380
1350
1323
1262
1216
1002
968
979
977
862
812
767
717
712
752
798
875
896
842
709
699
641
599
649
649
649
896
992
923
1172
1353
1262
1189
1163
1182
1101
1084
1037
907
691
638
542
446
363
190
114
55
14
4
13
14
34
151
207
258
269
470
566
784
1099
1308
1473
1517
1601
1809
1967
1996
2026
2066
2047
1971
1750
1561
1495
1345
1147
1088
1086
1086
1077
909
740
711
568
568
626
513
447
411
363
336
361
345
344
406
528
601
861
1127
1428
1585
1773
2053
2415
2506
2692
2929
3198
3321
3200
2835
2527
2164
1843
1501
1251
1141
1213
1135
1121
1022
1036
970
848
710
651
538
424
338
231
186
175
153
177
173
198
192
176
184
255
272
271
283
256
269
265
281
292
297
305
293
317
300
251
218
256
397
422
430
442
423
473
496
531
497
480
419
400
359
333
288
268
281
317
369
468
561
558
533
488
546
597
662
880
1103
1489
1706
1850
2008
2112
2432
2583
2563
2604
2450
2391
2401
2487
2456
2560
2657
2582
2509
2388
2243
2028
1825
1718
1579
1349
1112
934
836
731
536
399
276
201
220
254
392
564
618
596
605
468
326
216
181
225
225
281
418
431
393
349
332
239
210
167
160
192
227
276
388
433
467
430
465
503
495
609
696
783
843
774
823
813
780
797
826
930
1000
881
850
917
966
1099
1366
1441
1603
1836
1939
1876
1862
1991
2095
2187
2359
2533
2715
2474
2459
2557
2573
2601
2505
2564
2562
2676
2582
2433
2494
2725
2543
2112
1704
1301
1069
1040
1142
1302
1395
1503
1623
1711
1831
1888
1972
1954
2150
2086
2371
2467
2434
2488
2828
2747
2992
3469
3771
3723
3671
3623
3681
3744
3707
3775
3743
3617
3573
3572
3484
3106
3065
2928
2776
2757
2757
2696
2677
2864
2779
2811
2821
2819
3002
3188
3120
2987
2925
2797
2742
2554
2216
1908
1746
1579
1471
1383
1475
1575
1755
1741
1891
1761
1709
1940
2215
2385
2578
2932
3344
3298
3354
3443
3811
3881
3695
3490
3322
3085
2865
2715
2445
2495
2466
2425
2399
2427
2536
2507
2724
3101
3245
3339
3306
3259
3414
3486
3315
2753
3066
3388
3342
3069
2989
2800
2620
2369
2404
2415
2547
2763
2944
2678
2201
1788
1238
730
522
430
448
879
1279
1675
2132
2598
2938
3219
2995
2742
2587
2375
2305
2334
2351
2624
3207
3611
3580
3605
3705
3303
3213
3223
3105
3189
3142
2953
2794
2824
2776
2644
2499
2417
2473
2619
2500
2391
2380
2255
2003
2122
1976
1886
1974
2069
2092
2294
2184
2201
1898
1847
1619
1707
1744
1699
1763
1620
1567
1494
1515
1482
1394
1250
1314
1423
1588
1746
1730
1700
1511
1504
1437
1840
1857
2234
2506
2737
2685
2627
2730
2802
2744
2633
2576
2498
2477
2775
3211
3520
3219
2915
2946
2916
2821
2473
2068
713
580
524
650
718
797
899
1042
1142
1479
1717
2068
2309
2469
2658
2843
2907
2854
3046
2759
2380
2073
1823
1490
1242
1262
1159
1049
1040
1052
952
800
750
972
1248
1491
1576
1396
1317
1213
1608
1856
1988
2079
2379
2496
2460
2341
2262
2249
2201
2174
2217
2027
2048
2088
2025
1787
1899
1894
1829
1779
1493
1468
1609
1557
1494
1636
1552
1436
1576
1506
1241
1164
966
931
1046
892
733
593
690
831
906
966
934
882
834
724
758
691
738
670
604
610
653
621
550
602
657
708
763
961
1092
1175
1324
1374
1544
1590
1626
1657
1659
1620
1568
1671
1829
1824
1838
1721
1557
1635
1543
1438
1647
1740
1850
1966
1855
1630
1685
1851
1919
2177
2074
1962
1749
1496
1339
1226
1114
1088
960
842
803
800
689
549
485
424
329
244
164
84
36
27
34
62
98
168
238
228
298
316
443
515
559
769
983
961
959
992
1031
1052
1100
1274
1267
1323
1306
1297
1352
1483
1619
1826
1800
1878
1998
1999
2061
2201
2089
2079
2236
2244
2190
2122
2173
2319
2818
2961
3055
3297
3338
3286
3220
3294
3016
2928
2698
2514
2214
1871
1793
1637
1568
1595
1458
1510
1571
1644
1457
1327
1279
1274
1174
896
730
704
782
754
889
845
696
623
553
381
277
163
81
68
59
84
114
160
276
242
271
236
206
186
127
148
141
118
130
112
96
103
105
158
118
106
100
147
135
170
210
283
320
314
279
303
324
355
351
508
914
1419
1861
1990
1832
1819
1700
1700
1512
1524
1321
1351
1457
1435
1407
1059
959
992
1008
1045
738
536
327
331
421
392
344
296
239
288
373
493
511
545
613
734
778
795
874
898
971
1145
1211
1273
1345
1337
1206
1165
1325
1648
1638
1647
1579
1656
1946
2133
2227
2273
2264
2179
2186
2234
2292
2272
2280
2414
2460
2541
2635
2508
2412
2565
2870
2839
2640
2653
2511
2457
2627
2664
2730
2820
2789
2803
2819
2856
2700
2615
2577
2636
2861
2911
3028
3094
3197
3357
3382
3299
3260
3184
3069
2991
2963
2904
2732
2755
2694
2528
2307
2218
2044
2001
1734
1540
1487
1599
1587
1502
1369
1339
1171
1073
1103
1211
1128
1114
1086
1212
1273
1478
1376
1375
1211
1251
1312
1407
1481
1461
1216
989
852
712
512
527
568
620
612
753
896
1445
1822
1911
2107
2005
2022
1859
1581
1085
760
631
669
1213
1663
1713
1687
1752
2003
2042
2162
2281
2237
2195
1982
1914
1756
1758
1732
1716
1664
1646
1359
1307
1254
1239
1124
1074
878
768
698
900
911
940
888
797
788
542
372
478
545
599
698
473
348
283
250
213
159
150
207
345
547
722
839
932
1078
1351
1692
1845
2122
2242
2499
2604
2752
2760
2689
2732
2645
2629
2564
2503
2371
2331
2361
2234
1975
1895
1567
1276
992
838
761
697
755
650
496
485
384
296
194
137
98
95
77
113
129
87
69
63
81
109
175
231
321
374
381
744
1020
1228
1493
1556
1393
1512
1548
1411
1326
1465
1440
1265
1259
1364
1182
1181
1019
1298
1591
1786
1900
1874
1975
2189
2168
2283
2385
2350
2332
2331
2162
1814
1790
1582
1467
1254
1043
847
659
588
445
292
273
192
102
53
44
31
34
58
137
250
396
763
1245
1386
1745
2361
2789
2873
2436
2440
2274
2343
2229
2268
2232
2417
2669
2728
2651
2629
2609
2328
2237
1979
1795
1811
1571
1528
1368
1108
991
865
641
537
425
296
276
293
357
360
415
483
586
1027
1710
2512
2874
2818
3400
3458
3287
3360
3068
2752
2521
2535
2379
2268
2315
2325
2600
2991
3152
3020
2967
3081
2994
3048
3105
3220
2944
3252
3360
3258
3179
3169
3253
2985
2765
2728
2707
2639
2533
2533
2767
3229
3239
3234
3117
2936
2820
2899
2569
2294
1966
1748
1396
1251
1395
1257
1096
871
810
739
730
806
890
907
875
945
1241
1557
1114
1275
1470
1530
1669
1753
1728
1998
2236
2290
2488
2452
2312
2648
2865
2830
2826
2741
2658
2590
2729
2828
2850
2738
2729
2741
3078
3228
3148
3125
2863
2781
2864
2913
2752
2784
2685
2729
2738
2805
2609
2525
2623
2540
2410
2490
2383
2307
2061
2117
2164
2151
1897
1568
1363
1354
1384
1292
1160
1004
909
743
608
537
462
367
333
245
272
176
154
115
84
61
28
23
21
27
30
31
35
33
33
34
50
140
155
201
309
337
466
743
944
1219
1470
1679
1922
2107
1935
1883
1894
1624
1421
1412
1387
1224
994
820
675
447
379
255
222
181
188
225
299
372
471
558
581
607
685
812
966
1193
1349
1667
1830
2104
2249
2364
2472
2547
2729
2899
2814
2782
2792
2751
2675
2574
2473
2205
1986
1723
1498
1240
962
847
869
969
1230
1529
1726
1678
1821
2049
2165
2216
2284
2449
2451
2443
2456
2508
2486
2227
2009
2021
1973
2016
2110
2268
2348
2499
2670
3073
3351
3329
3009
2848
2482
2160
2080
1890
1802
1756
1645
1919
1900
1987
1966
1983
2085
2020
2011
1906
1924
1896
1950
1823
1776
1711
1709
1640
1469
1380
1350
1323
1262
1216
1002
968
979
977
862
812
767
717
712
752
798
875
896
842
709
699
641
599
649
649
649
896
992
923
1172
1353
1262
1189
1163
1182
1101
1084
1037
907
691
638
542
446
363
190
114
55
14
4
13
14
34
151
207
258
269
470
566
784
1099
1308
1473
1517
1601
1809
1967
1996
2026
2066
2047
1971
1750
1561
1495
1345
1147
1088
1086
1086
1077
909
740
711
568
568
626
513
447
411
363
336
361
345
344
406
528
601
861
1127
1428
1585
1773
2053
2415
2506
2692
2929
3198
3321
3200
2835
2527
2164
1843
1501
1251
1141
1213
1135
1121
1022
1036
970
848
710
651
538
424
338
231
186
175
153
177
173
198
192
176
184
255
272
271
283
256
269
265
281
292
297
305
293
317
300
251
218
256
397
422
430
442
423
473
496
531
497
480
419
400
359
333
288
268
281
317
369
468
561
558
533
488
546
597
662
880
1103
1489
1706
1850
2008
2112
2432
2583
2563
2604
2450
2391
2401
2487
2456
2560
2657
2582
2509
2388
2243
2028
1825
1718
1579
1349
1112
934
836
731
536
399
276
201
220
254
392
564
618
596
605
468
326
216
181
225
225
281
418
431
393
349
332
239
210
167
160
192
227
276
388
433
467
430
465
503
495
609
696
783
843
774
823
813
780
797
826
930
1000
881
850
917
966
1099
1366
1441
1603
1836
1939
1876
1862
1991
2095
2187
2359
2533
2715
2474
2459
2557
2573
2601
2505
2564
2562
2676
2582
2433
2494
2725
2543
2112
1704
1301
1069
1040
1142
1302
1395
1503
1623
1711
1831
1888
1972
1954
2150
2086
2371
2467
2434
2488
2828
2747
2992
3469
3771
3723
3671
3623
3681
3744
3707
3775
3743
3617
3573
3572
3484
3106
3065
2928
2776
2757
2757
2696
2677
2864
2779
2811
2821
2819
3002
3188
3120
2987
2925
2797
2742
2554
2216
1908
1746
1579
1471
1383
1475
1575
1755
1741
1891
1761
1709
1940
2215
2385
2578
2932
3344
3298
3354
3443
3811
3881
3695
3490
3322
3085
2865
2715
2445
2495
2466
2425
2399
2427
2536
2507
2724
3101
3245
3339
3306
3259
3414
3486
3315
2753
3066
3388
3342
3069
2989
2800
2620
2369
2404
2415
2547
2763
2944
2678
2201
1788
1238
730
522
430
448
879
1279
1675
2132
2598
2938
3219
2995
2742
2587
2375
2305
2334
2351
2624
3207
3611
3580
3605
3705
3303
3213
3223
3105
3189
3142
2953
2794
2824
2776
2644
2499
2417
2473
2619
2500
2391
2380
2255
2003
2122
1976
1886
1974
2069
2092
2294
2184
2201
1898
1847
1619
1707
1744
1699
1763
1620
1567
1494
1515
1482
1394
1250
1314
1423
1588
1746
1730
1700
1511
1504
1437
1840
1857
2234
2506
2737
2685
2627
2730
2802
2744
2633
2576
2498
2477
2775
3211
3520
3219
2915
2946
2916
2821
2473
2068
713
580
524
650
718
797
899
1042
1142
1479
1717
2068
2309
2469
2658
2843
2907
2854
3046
2759
2380
2073
1823
1490
1242
1262
1159
1049
1040
1052
952
800
750
972
1248
1491
1576
1396
1317
1213
1608
1856
1988
2079
2379
2496
2460
2341
2262
2249
2201
2174
2217
2027
2048
2088
2025
1787
1899
1894
1829
1779
1493
1468
1609
1557
1494
1636
1552
1436
1576
1506
1241
1164
966
931
1046
892
733
593
690
831
906
966
934
882
834
724
758
691
738
670
604
610
653
621
550
602
657
708
763
961
1092
1175
1324
1374
1544
1590
1626
1657
1659
1620
1568
1671
1829
1824
1838
1721
1557
1635
1543
1438
1647
1740
1850
1966
1855
1630
1685
1851
1919
2177
2074
1962
1749
1496
1339
1226
1114
1088
960
842
803
800
689
549
485
424
329
244
164
84
36
27
34
62
98
168
238
228
298
316
443
515
559
769
983
961
959
992
1031
1052
1100
1274
1267
1323
1306
1297
1352
1483
1619
1826
1800
1878
1998
1999
2061
2201
2089
2079
2236
2244
2190
2122
2173
2319
2818
2961
3055
3297
3338
3286
3220
3294
3016
2928
2698
2514
2214
1871
1793
1637
1568
1595
1458
1510
1571
1644
1457
1327
1279
1274
1174
896
730
704
782
754
889
845
696
623
553
381
277
163
81
68
59
84
114
160
276
242
271
236
206
186
127
148
141
118
130
112
96
103
105
158
118
106
100
147
135
170
210
283
320
314
279
303
324
355
351
508
914
1419
1861
1990
1832
1819
1700
1700
1512
1524
1321
1351
1457
1435
1407
1059
959
992
1008
1045
738
536
327
331
421
392
344
296
239
288
373
493
511
545
613
734
778
795
874
898
971
1145
1211
1273
1345
1337
1206
1165
1325
1648
1638
1647
1579
1656
1946
2133
2227
2273
2264
2179
2186
2234
2292
2272
2280
2414
2460
2541
2635
2508
2412
2565
2870
2839
2640
2653
2511
2457
2627
2664
2730
2820
2789
2803
2819
2856
2700
2615
2577
2636
2861
2911
3028
3094
3197
3357
3382
3299
3260
3184
3069
2991
2963
2904
2732
2755
2694
2528
2307
2218
2044
2001
1734
1540
1487
1599
1587
1502
1369
1339
1171
1073
1103
1211
1128
1114
1086
1212
1273
1478
1376
1375
1211
1251
1312
1407
1481
1461
1216
989
852
712
512
527
568
620
612
753
896
1445
1822
1911
2107
2005
2022
1859
1581
1085
760
631
669
1213
1663
1713
1687
1752
2003
2042
2162
2281
2237
2195
1982
1914
1756
1758
1732
1716
1664
1646
1359
1307
1254
1239
1124
1074
878
768
698
900
911
940
888
797
788
542
372
478
545
599
698
473
348
283
250
213
159
150
207
345
547
722
839
932
1078
1351
1692
1845
2122
2242
2499
2604
2752
2760
2689
2732
2645
2629
2564
2503
2371
2331
2361
2234
1975
1895
1567
1276
992
838
761
697
755
650
496
485
384
296
194
137
98
95
77
113
129
87
69
63
81
109
175
231
321
374
381
744
1020
1228
1493
1556
1393
1512
1548
1411
1326
1465
1440
1265
1259
1364
1182
1181
1019
1298
1591
1786
1900
1874
1975
2189
2168
2283
2385
2350
2332
2331
2162
1814
1790
1582
1467
1254
1043
847
659
588
445
292
273
192
102
53
44
31
34
58
137
250
396
763
1245
1386
1745
2361
2789
2873
2436
2440
2274
2343
2229
2268
2232
2417
2669
2728
2651
2629
2609
2328
2237
1979
1795
1811
1571
1528
1368
1108
991
865
641
537
425
296
276
293
357
360
415
483
586
1027
1710
2512
2874
2818
3400
3458
3287
3360
3068
2752
2521
2535
2379
2268
2315
2325
2600
2991
3152
3020
2967
3081
2994
3048
3105
3220
2944
3252
3360
3258
3179
3169
3253
2985
2765
2728
2707
2639
2533
2533
2767
3229
3239
3234
3117
2936
2820
2899
2569
2294
1966
1748
1396
1251
1395
1257
1096
871
810
739
730
806
890
907
875
945
1241
1557
1114
1275
1470
1530
1669
1753
1728
1998
2236
2290
2488
2452
2312
2648
2865
2830
2826
2741
2658
2590
2729
2828
2850
2738
2729
2741
3078
3228
3148
3125
2863
2781
2864
2913
2752
2784
2685
2729
2738
2805
2609
2525
2623
2540
2410
2490
2383
2307
2061
2117
2164
2151
1897
1568
1363
1354
1384
1292
1160
1004
909
743
608
537
462
367
333
245
272
176
154
115
84
61
28
23
21
27
30
31
35
33
33
34
50
140
155
201
309
337
466
743
944
1219
1470
1679
1922
2107
1935
1883
1894
1624
1421
1412
1387
1224
994
820
675
447
379
255
222
181
188
225
299
372
471
558
581
607
685
812
966
1193
1349
1667
1830
2104
2249
2364
2472
2547
2729
2899
2814
2782
2792
2751
2675
2574
2473
2205
1986
1723
1498
1240
962
847
869
969
1230
1529
1726
1678
1821
2049
2165
2216
2284
2449
2451
2443
2456
2508
2486
2227
2009
2021
1973
2016
2110
2268
2348
2499
2670
3073
3351
3329
3009
2848
2482
2160
2080
1890
1802
1756
1645
1919
1900
1987
1966
1983
2085
2020
2011
1906
1924
1896
1950
1823
1776
1711
1709
1640
1469
1380
1350
1323
1262
1216
1002
968
979
977
862
812
767
717
712
752
798
875
896
842
709
699
641
599
649
649
649
896
992
923
1172
1353
1262
1189
1163
1182
1101
1084
1037
907
691
638
542
446
363
190
114
55
14
4
13
14
34
151
207
258
269
470
566
784
1099
1308
1473
1517
1601
1809
1967
1996
2026
2066
2047
1971
1750
1561
1495
1345
1147
1088
1086
1086
1077
909
740
711
568
568
626
513
447
411
363
336
361
345
344
406
528
601
861
1127
1428
1585
1773
2053
2415
2506
2692
2929
3198
3321
3200
2835
2527
2164
1843
1501
1251
1141
1213
1135
1121
1022
1036
970
848
710
651
538
424
338
231
186
175
153
177
173
198
192
176
184
255
272
271
283
256
269
265
281
292
297
305
293
317
300
251
218
256
397
422
430
442
423
473
496
531
497
480
419
400
359
333
288
268
281
317
369
468
561
558
533
488
546
597
662
880
1103
1489
1706
1850
2008
2112
2432
2583
2563
2604
2450
2391
2401
2487
2456
2560
2657
2582
2509
2388
2243
2028
1825
1718
1579
1349
1112
934
836
731
536
399
276
201
220
254
392
564
618
596
605
468
326
216
181
225
225
281
418
431
393
349
332
239
210
167
160
192
227
276
388
433
467
430
465
503
495
609
696
783
843
774
823
813
780
797
826
930
1000
881
850
917
966
1099
1366
1441
1603
1836
1939
1876
1862
1991
2095
2187
2359
2533
2715
2474
2459
2557
2573
2601
2505
2564
2562
2676
2582
2433
2494
2725
2543
2112
1704
1301
1069
1040
1142
1302
1395
1503
1623
1711
1831
1888
1972
1954
2150
2086
2371
2467
2434
2488
2828
2747
2992
3469
3771
3723
3671
3623
3681
3744
3707
3775
3743
3617
3573
3572
3484
3106
3065
2928
2776
2757
2757
2696
2677
2864
2779
2811
2821
2819
3002
3188
3120
2987
2925
2797
2742
2554
2216
1908
1746
1579
1471
1383
1475
1575
1755
1741
1891
1761
1709
1940
2215
2385
2578
2932
3344
3298
3354
3443
3811
3881
3695
3490
3322
3085
2865
2715
2445
2495
2466
2425
2399
2427
2536
2507
2724
3101
3245
3339
3306
3259
3414
3486
3315
2753
3066
3388
3342
3069
2989
2800
2620
2369
2404
2415
2547
2763
2944
2678
2201
1788
1238
730
522
430
448
879
1279
1675
2132
2598
2938
3219
2995
2742
2587
2375
2305
2334
2351
2624
3207
3611
3580
3605
3705
3303
3213
3223
3105
3189
3142
2953
2794
2824
2776
2644
2499
2417
2473
2619
2500
2391
2380
2255
2003
2122
1976
1886
1974
2069
2092
2294
2184
2201
1898
1847
1619
1707
1744
1699
1763
1620
1567
1494
1515
1482
1394
1250
1314
1423
1588
1746
1730
1700
1511
1504
1437
1840
1857
2234
2506
2737
2685
2627
2730
2802
2744
2633
2576
2498
2477
2775
3211
3520
3219
2915
2946
2916
2821
2473
2068
713
580
524
650
718
797
899
1042
1142
1479
1717
2068
2309
2469
2658
2843
2907
2854
3046
2759
2380
2073
1823
1490
1242
1262
1159
1049
1040
1052
952
800
750
972
1248
1491
1576
1396
1317
1213
1608
1856
1988
2079
2379
2496
2460
2341
2262
2249
2201
2174
2217
2027
2048
2088
2025
1787
1899
1894
1829
1779
1493
1468
1609
1557
1494
1636
1552
1436
1576
1506
1241
1164
966
931
1046
892
733
593
690
831
906
966
934
882
834
724
758
691
738
670
604
610
653
621
550
602
657
708
763
961
1092
1175
1324
1374
1544
1590
1626
1657
1659
1620
1568
1671
1829
1824
1838
1721
1557
1635
1543
1438
1647
1740
1850
1966
1855
1630
1685
1851
1919
2177
2074
1962
1749
1496
1339
1226
1114
1088
960
842
803
800
689
549
485
424
329
244
164
84
36
27
34
62
98
168
238
228
298
316
443
515
559
769
983
961
959
992
1031
1052
1100
1274
1267
1323
1306
1297
1352
1483
