89.6542448458
85.6696117416
85.6696117416
85.6696117416
85.6696117416
85.6696117416
85.6696117416
85.6696117416
86.6657700177
86.6657700177
86.6657700177
86.6657700177
86.6657700177
86.6657700177
86.6657700177
86.6657700177
86.6657700177
86.6657700177
86.6657700177
86.6657700177
86.6657700177
86.6657700177
86.6657700177
86.6657700177
86.6657700177
86.6657700177
86.6657700177
86.6657700177
86.6657700177
86.6657700177
86.6657700177
86.6657700177
86.6657700177
86.6657700177
86.6657700177
86.6657700177
86.6657700177
86.6657700177
86.6657700177
86.6657700177
86.6657700177
86.6657700177
86.6657700177
