91.3
124.2
123
117.8
105.1
56.7
46.7
56
73.7157124288
70.7272376006
71.7233958767
72.7195541527
74.7118707049
75.7080289809
76.704187257
77.7003455331
79.6926620852
80.6888203613
81.6849786373
83.6772951895
84.6734534655
84.6734534655
84.6734534655
84.6734534655
84.6734534655
84.6734534655
84.6734534655
84.6734534655
84.6734534655
84.6734534655
84.6734534655
84.6734534655
84.6734534655
84.6734534655
84.6734534655
84.6734534655
84.6734534655
84.6734534655
84.6734534655
84.6734534655
84.6734534655
84.6734534655
84.6734534655
84.6734534655
84.6734534655
84.6734534655
84.6734534655
84.6734534655
84.6734534655
84.6734534655
84.6734534655
