5.7562202039
5.4985596285
5.2394750669
5.0916627499
5.2660001979
5.3157400554
5.5668433355
5.698917621
5.676393157
5.9167178372
5.6659924027
5.6713821225
5.7866424524
5.9022560827
5.8613963326
6.0557307053
5.8023965771
5.6094524756
5.6094524756
5.6094524756
5.6094524756
5.6094524756
5.6094524756
5.6094524756
5.6094524756
5.6094524756
5.6094524756
5.6094524756
5.6094524756
5.6094524756
5.6094524756
5.6094524756
5.6094524756
5.6094524756
5.6094524756
5.6094524756
5.6094524756
5.6094524756
5.6094524756
5.6094524756
5.6094524756
5.6094524756
5.6094524756
