0.04714
0.0546
0.04663
0.0399
0.02341
0.02361
0.02996
0.02409
0.02414
0.042
0.057
0.0434
0.05186
0.055
0.055
0.05788
0.05797
0.0751
0.05797
0.05149
0.05544
0.05054
0.03846
0.03396
0.04488
0.04995
0.04672
0.04671
0.04582
0.04566
0.052
0.04387
0.05615
0.06192
0.05633
0.05615
0.05535
0.04481
0.04274
0.04491
0.06
0.07601
0.06
0.06535
0.06
0.04867
0.042
0.04758
0.049
0.04906
0.04544
0.0406
0.035
0.042
0.04899
0.04403
0.05058
0.05499
0.04887
0.049
0.05244
0.04612
0.04953
0.0445
0.05992
0.0771
0.06569
0.05522
0.05182
0.04955
0.03943
0.042
0.04265
0.04265
0.04261
0.04403
0.04477
0.04924
0.05301
0.05301
0.06703
0.07267
0.07442
0.05689
0.05
0.0441
0.04453
0.04453
0.0641
0.07499
0.06469
0.05201
0.05431
0.0521
0.04359
0.04299
0.0459
0.04542
0.04487
0.04487
0.04294
0.04357
0.04697
0.05202
0.06089
0.06461
0.06482
0.0638
0.06278
0.06286
0.06144
0.052
0.07768
0.1
0.0712
0.0551
0.06189
0.05201
0.04281
0.05482
0.05438
0.04943
0.04541
0.0431
0.03999
0.035
0.03906
0.04259
0.04495
0.04915
0.06006
0.05529
0.0543
0.04607
0.04404
0.04407
0.055
0.07809
0.06817
0.0551
0.05504
0.05092
0.04442
0.04798
0.05
0.047
0.04491
0.04209
0.04131
0.04107
0.04183
0.04142
0.04351
0.04909
0.05306
0.05076
0.055
0.055
0.05442
0.04884
0.0611
0.09166
0.06682
0.05893
0.05305
0.04894
0.04192
0.04281
0.04234
0.0425
0.04205
0.04201
0.04142
0.04211
0.04859
0.04656
0.05544
0.059
0.0551
0.05414
0.055
0.055
0.05266
0.04682
0.05918
0.07572
0.06392
0.06
0.04655
0.05306
0.04239
0.04352
0.04415
0.04482
0.04306
0.043
0.04303
0.0443
0.055
0.05352
0.05344
0.05499
0.05566
0.0548
0.05451
0.05074
0.0496
0.05011
0.06998
0.08299
0.06602
0.0561
0.051
0.0541
0.04415
0.04456
0.04645
0.04599
0.0446
0.04442
0.04448
0.04581
0.05755
0.05346
0.0615
0.05882
0.055
0.052
0.051
0.05
0.05024
0.05644
0.07594
0.10179
0.08794
0.07245
0.06466
0.0539
0.048
0.04793
0.04551
0.04416
0.04401
0.04333
0.04303
0.04317
0.04843
0.05255
0.05414
0.0601
0.06008
0.05399
0.0554
0.0531
0.05185
0.061
0.08389
0.1
0.081
0.0601
0.0602
0.05651
0.04691
0.04889
0.04599
0.04589
0.04523
0.04405
0.04257
0.0434
0.04843
0.05306
0.0602
0.06194
0.0585
0.0545
0.05211
0.04912
0.047
0.04811
0.05751
0.07989
0.06043
0.05492
0.05152
0.04434
0.04139
0.051
0.04886
0.05601
0.0459
0.04264
0.03982
0.037
0.04054
0.04232
0.045
0.05345
0.0521
0.05536
0.058
0.05455
0.0461
0.05
0.056
0.07992
0.06889
0.04942
0.0569
0.05202
0.04855
0.054
0.04812
0.04995
0.048
0.04492
0.04106
0.03802
0.03995
0.04
0.048
0.047
0.0555
0.05414
0.058
0.04976
0.045
0.045
0.0605
0.083
0.05703
0.05
0.05253
0.04662
0.04
0.04339
0.04495
0.04499
0.04056
0.04008
0.03623
0.0415
0.051
0.04811
0.04683
0.057
0.057
0.0535
0.053
0.0468
0.045
0.04558
0.053
0.07316
0.06418
0.06
0.0507
0.05001
0.0415
0.04797
0.04793
0.04756
0.04263
0.03901
0.03129
0.03902
0.05291
0.046
0.05099
0.05608
0.05
0.04733
0.04744
0.04744
0.049
0.05252
0.05697
0.073
0.0655
0.06015
0.05155
0.05255
0.04
0.04641
0.04744
0.048
0.04243
0.03859
0.0346
0.03854
0.04749
0.04621
0.05
0.05
0.04876
0.04448
0.046
0.046
0.046
0.04803
0.05073
0.07512
0.07
0.05993
0.05861
0.05199
0.04373
0.04488
0.05
0.04704
0.04207
0.04167
0.039
0.03902
0.048
0.04328
0.051
0.05385
0.057
0.052
0.04833
0.046
0.0458
0.04804
0.0598
0.08496
0.06735
0.05642
0.05
0.04787
0.04
0.03965
0.0439
0.03915
0.03755
0.03799
0.037
0.038
0.04796
0.05624
0.05743
0.05856
0.05
0.0447
0.04138
0.0411
0.04122
0.04273
0.0503
0.0751
0.06794
0.0555
0.044
0.04223
0.03897
0.04067
0.04391
0.04367
0.04109
0.04096
0.04367
0.04352
0.0469
0.04109
0.04683
0.06273
0.06373
0.05955
0.05995
0.0476
0.04406
0.0457
0.0565
0.1
0.0848
0.05911
0.0531
0.04902
0.04615
0.04756
0.05091
0.04991
0.04592
0.0435
0.04232
0.04075
0.04091
0.04103
0.04222
0.04442
0.05887
0.05322
0.062
0.048
0.04295
0.04307
0.05156
0.08201
0.06422
0.04554
0.04289
0.04057
0.0387
0.042
0.04102
0.04091
0.04062
0.04058
0.04052
0.0408
0.048
0.04684
0.05522
0.06091
0.0528
0.045
0.0449
0.0435
0.04205
0.04246
0.0546
0.0815
0.06503
0.05844
0.05
0.05164
0.04041
0.04695
0.04621
0.04672
0.04222
0.04038
0.03268
0.03636
0.04448
0.04793
0.04616
0.054
0.05168
0.04488
0.04488
0.04488
0.04359
0.045
0.052
0.06817
0.05888
0.05136
0.04888
0.04653
0.04
0.05012
0.04555
0.04394
0.0388
0.03696
0.02999
0.03792
0.05
0.04399
0.04615
0.054
0.05
0.04866
0.05
0.04666
0.04158
0.04244
0.0516
0.074
0.06392
0.05668
0.04521
0.04544
0.0399
0.04058
0.04497
0.04493
0.04194
0.04055
0.04
0.04494
0.04755
0.04241
0.0496
0.0532
0.04844
0.04107
0.04105
0.04655
0.056
0.04105
0.05021
0.08082
0.07317
0.06094
0.055
0.049
0.04109
0.04268
0.04269
0.04269
0.03977
0.03989
0.03995
0.04076
0.046
0.05253
0.062
0.06262
0.06155
0.04839
0.04644
0.04501
0.04455
0.04425
0.063
0.08925
0.07195
0.06696
0.0494
0.04779
0.041
0.05209
0.04791
0.057
0.04392
0.04293
0.03721
0.02932
0.03126
0.03919
0.04256
0.0562
0.056
0.04909
0.04396
0.04203
0.03958
0.04139
0.0452
0.075
0.06994
0.05066
0.04184
0.0407
0.03891
0.0448
0.04591
0.04498
0.04793
0.04099
0.0396
0.0378
0.04194
0.0306
0.02951
0.04413
0.04652
0.0463
0.0529
0.05
0.04503
0.0466
0.05006
0.07592
0.0679
0.04704
0.047
0.04132
0.03228
0.02588
0.02557
0.029
0.01647
0.0101
0.0176
0.03029
0.04894
0.04415
0.04627
0.0519
0.0461
0.0448
0.04456
0.04309
0.03849
0.03344
0.04353
0.06894
0.062
0.0581
0.054
0.0505
0.03757
0.04099
0.04319
0.04191
0.04022
0.04004
0.03992
0.04004
0.04992
0.0497
0.06
0.0601
0.04898
0.043
0.042
0.04065
0.04072
0.04136
0.04753
0.07145
0.055
0.05376
0.04744
0.04035
0.03645
0.048
0.04495
0.04301
0.03999
0.03657
0.02944
0.03799
0.04591
0.04879
0.05461
0.057
0.0451
0.04138
0.04119
0.04086
0.04061
0.04123
0.049
0.075
0.066
0.05501
0.05001
0.04444
0.03797
0.04507
0.04496
0.0485
0.04195
0.03703
0.02705
0.03708
0.04552
0.04659
0.05753
0.05
0.04345
0.04133
0.04133
0.04224
0.04345
0.04345
0.04962
0.07601
0.06902
0.057
0.04718
0.04744
0.0394
0.04
0.04152
0.04138
0.0409
0.03537
0.036
0.04195
0.0507
0.045
0.0531
0.05321
0.0441
0.04262
0.04301
0.04637
0.04869
0.043
0.05336
0.0875
0.076
0.06001
0.04914
0.05059
0.043
0.04792
0.04694
0.04594
0.0439
0.04292
0.04201
0.04249
0.04453
0.04183
0.05195
0.056
0.06024
0.06104
0.0506
0.04455
0.04208
0.042
0.04696
0.08244
0.0701
0.05322
0.04578
0.049
0.04157
0.04303
0.04379
0.04378
0.04195
0.04192
0.04115
0.04123
0.04157
0.03929
0.04134
0.04194
0.04499
0.04903
0.04775
0.05123
0.04553
0.045
0.0533
0.07501
0.06896
0.0551
0.05007
0.05154
0.04186
0.04193
0.04253
0.04259
0.04257
0.04256
0.04251
0.04205
0.04951
0.05278
0.058
0.05996
0.04716
0.04456
0.04404
0.04406
0.04433
0.05497
0.0553
0.07631
0.07504
0.058
0.05203
0.05203
0.04306
0.04363
0.04543
0.04364
0.043
0.04227
0.04166
0.04205
0.04897
0.05651
0.05613
0.0543
0.05278
0.0475
0.04667
0.04564
0.04502
0.04859
0.05481
0.06892
0.067
0.0605
0.048
0.04353
0.04151
0.04081
0.04199
0.04081
0.04056
0.04094
0.04073
0.04288
0.05369
0.05614
0.05605
0.05298
0.05125
0.0455
0.04549
0.04467
0.04648
0.04859
0.0551
0.06859
0.06423
0.06054
0.047
0.04337
0.04067
0.04282
0.04294
0.04276
0.04208
0.04143
0.04124
0.04461
0.0541
0.05917
0.06134
0.0611
0.05438
0.04777
0.04653
0.04682
0.046
0.04902
0.05585
0.06474
0.06461
0.06056
0.04774
0.04748
0.04222
0.0472
0.04597
0.04416
0.04162
0.04106
0.03734
0.04426
0.04791
0.04821
0.05124
0.05766
0.04779
0.04449
0.04255
0.04208
0.04198
0.04194
0.0455
0.07
0.07386
0.06249
0.049
0.0496
0.04165
0.0551
0.04795
0.04793
0.04699
0.04103
0.03899
0.0366
0.03938
0.04142
0.04605
0.04805
0.04808
0.0462
0.04693
0.0501
0.05153
0.0483
0.04441
0.0712
0.07299
0.0499
0.04684
0.04209
0.03791
0.0459
0.046
0.04755
0.04592
0.04294
0.03802
0.035
0.041
0.03803
0.0412
0.04354
0.04687
0.04356
0.04809
0.04956
0.04233
0.04127
0.0441
0.07412
0.0834
0.05409
0.04599
0.04814
0.03971
0.04105
0.04597
0.04405
0.04151
0.04108
0.03854
0.04313
0.04778
0.05039
0.05773
0.064
0.04911
0.04899
0.04619
0.04431
0.048
0.04337
0.05069
0.07197
0.085
0.06551
0.04288
0.04212
0.03881
0.04158
0.0479
0.04345
0.04063
0.03902
0.03751
0.04013
0.04553
0.04447
0.0438
0.05056
0.048
0.04541
0.04404
0.04458
0.04418
0.04144
0.04522
0.06296
0.07745
0.0655
0.05839
0.04958
0.04505
0.0499
0.051
0.047
0.04378
0.04334
0.0403
0.03914
0.04482
0.05375
0.05526
0.053
0.04895
0.04443
0.046
0.044
0.04401
0.05079
0.04844
0.062
0.07499
0.06374
0.04392
0.048
0.0428
0.04399
0.04591
0.04348
0.04275
0.04
0.03903
0.04239
0.048
0.049
0.0606
0.05166
0.04565
0.0451
0.04469
0.04275
0.04174
0.04203
0.04368
0.06501
0.07
0.063
0.047
0.04974
0.04239
0.04135
0.04203
0.04127
0.04093
0.04033
0.04104
0.04692
0.05249
0.0491
0.062
0.067
0.04703
0.04361
0.04301
0.04214
0.04176
0.04252
0.04319
0.06498
0.076
0.06438
0.0433
0.05044
0.04103
0.04345
0.04496
0.04341
0.04299
0.04133
0.0418
0.0434
0.04431
0.04302
0.05302
0.06177
0.05747
0.05055
0.04555
0.04159
0.04154
0.04661
0.045
0.07
0.085
0.064
0.044
0.04811
0.04302
0.04497
0.05044
0.04684
0.04431
0.04243
0.04138
0.04138
0.04344
0.04107
0.04255
0.047
0.04933
0.04836
0.05244
0.05192
0.04794
0.04692
0.04573
0.07
0.08279
0.05922
0.046
0.05044
0.04227
0.04388
0.04431
0.04432
0.04431
0.04431
0.04387
0.04403
0.05261
0.05272
0.05556
0.05892
0.054
0.04924
0.04813
0.04953
0.049
0.04595
0.05402
0.06494
0.08254
0.05896
0.04639
0.04878
0.04255
0.04644
0.04644
0.04442
0.04306
0.04155
0.04074
0.04308
0.05443
0.05613
0.05606
0.05467
0.05086
0.04839
0.04684
0.04596
0.04521
0.04555
0.0485
0.05798
0.08495
0.06629
0.05344
0.05
0.04344
0.04496
0.04693
0.04638
0.04548
0.04542
0.04401
0.04444
0.05376
0.05518
0.06227
0.06589
0.05433
0.04722
0.04933
0.04778
0.046
0.04555
0.0504
0.07031
0.0899
0.06997
0.04893
0.051
0.04358
0.046
0.04796
0.0455
0.04924
0.04571
0.04543
0.04792
0.0537
0.05555
0.0671
0.06791
0.05396
0.05094
0.04765
0.04685
0.04685
0.04685
0.05134
0.0696
0.09001
0.0739
0.05555
0.05201
0.04746
0.04696
0.04947
0.048
0.0466
0.04609
0.046
0.04765
0.05619
0.06493
0.0756
0.07207
0.05023
0.04741
0.04659
0.04565
0.04558
0.04723
0.04954
0.06994
0.088
0.0725
0.04984
0.04926
0.04603
0.04991
0.05094
0.04937
0.0464
0.0461
0.04568
0.04604
0.04666
0.04949
0.059
0.061
0.05545
0.05532
0.05506
0.04817
0.04661
0.04779
0.05415
0.07799
0.105
0.075
0.05302
0.04899
0.04691
0.04639
0.04873
0.04761
0.04639
0.04426
0.04406
0.04426
0.04565
0.0437
0.04407
0.04699
0.04966
0.05456
0.05832
0.05645
0.05387
0.05134
0.065
0.07295
0.095
0.07257
0.0613
0.055
0.04725
0.04567
0.04509
0.0466
0.04639
0.04639
0.04639
0.04868
0.06349
0.06619
0.06367
0.063
0.0591
0.0558
0.05589
0.05635
0.058
0.0533
0.05641
0.07357
0.10229
0.085
0.0625
0.0678
0.05533
0.05215
0.05315
0.05351
0.05001
0.04943
0.05023
0.05944
0.08121
0.07
0.07511
0.06955
0.05442
0.04998
0.05088
0.05144
0.05144
0.05984
0.06102
0.07444
0.09097
0.08183
0.06002
0.0611
0.04998
0.0661
0.06476
0.06204
0.05948
0.05637
0.05821
0.05986
0.06858
0.0816
0.08088
0.0741
0.05568
0.0529
0.05251
0.0515
0.05081
0.0556
0.05955
0.08
0.091
0.07575
0.0584
0.05544
0.04819
0.085
0.0793
0.0677
0.06219
0.05444
0.0613
0.08007
0.08482
0.08968
0.1
0.10097
0.10235
0.07688
0.075
0.07442
0.07418
0.07187
0.07498
0.09734
0.1299
0.12
0.07901
0.075
0.05
0.0705
0.05548
0.05369
0.05208
0.04907
0.04909
0.07086
0.10874
0.08884
0.111
0.12826
0.11822
0.10536
0.09876
0.09321
0.09374
0.09807
0.11999
0.125
0.1851
0.11252
0.09208
0.07721
0.06492
0.07754
0.099
0.06795
0.05214
0.05214
0.05112
0.05123
0.06065
0.05112
0.08
0.09865
0.08575
0.0736
0.07186
0.07091
0.0681
0.07051
0.07114
0.09074
0.148
0.11269
0.0736
0.07509
0.06741
0.08133
0.08736
0.06978
0.05023
0.04873
0.04762
0.04762
0.04762
0.04401
0.04873
0.0531
0.0657
0.08262
0.07018
0.0649
0.0551
0.06079
0.08386
0.06999
0.14016
0.09493
0.05228
0.07594
0.0481
0.06937
0.06262
0.049
0.04758
0.04709
0.04673
0.04704
0.06936
0.06002
0.0686
0.07224
0.06486
0.06485
0.06302
0.05072
0.05064
0.05203
0.0785
0.07643
0.11006
0.0999
0.05241
0.05629
0.0451
0.04499
0.04499
0.04581
0.04406
0.04402
0.04396
0.04582
0.05352
0.05947
0.05973
0.05813
0.05055
0.04813
0.04709
0.04704
0.04707
0.04751
0.0496
0.058
0.09
0.07444
0.06287
0.05257
0.04908
0.04494
0.04594
0.04662
0.0465
0.04447
0.04431
0.047
0.05129
0.05675
0.0678
0.06809
0.054
0.04731
0.04501
0.04458
0.04442
0.0449
0.04932
0.06151
0.08762
0.07491
0.052
0.05304
0.04399
0.04418
0.04775
0.0471
0.04412
0.04396
0.04396
0.04433
0.0472
0.06008
0.068
0.06286
0.049
0.04535
0.0444
0.04379
0.04379
0.045
0.049
0.06299
0.0889
0.06991
0.052
0.051
0.04295
0.04463
0.04718
0.047
0.04615
0.04589
0.04557
0.046
0.0513
0.0525
0.061
0.0605
0.0565
0.05
0.048
0.048
0.048
0.04651
0.0653
0.06792
0.0902
0.063
0.049
0.04733
0.0409
0.04778
0.05107
0.049
0.04518
0.04268
0.04055
0.04211
0.04255
0.04237
0.04822
0.06109
0.06249
0.05367
0.0514
0.04505
0.04308
0.04328
0.04832
0.05555
0.085
0.07067
0.05317
0.04932
0.04328
0.04386
0.05134
0.05404
0.04692
0.04688
0.04441
0.04687
0.04687
0.04386
0.04636
0.05651
0.05287
0.05216
0.05992
0.056
0.04638
0.0539
0.057
0.05999
0.0889
0.07555
0.05344
0.05646
0.04605
0.04255
0.04405
0.04591
0.04258
0.04306
0.04219
0.0443
0.0511
0.0478
0.0581
0.0581
0.05706
0.057
0.055
0.05087
0.04503
0.04504
0.05793
0.06015
0.09794
0.073
0.04707
0.05744
0.044
0.07007
0.06991
0.06594
0.05855
0.05879
0.05857
0.05858
0.08
0.07
0.09
0.09546
0.07393
0.06575
0.06199
0.06123
0.065
0.062
0.0847
0.0912
0.19155
0.114
0.07325
0.0616
0.0536
0.0634
0.06997
0.0601
0.05002
0.0469
0.04669
0.0468
0.06284
0.07318
0.08
0.0589
0.04979
0.04631
0.04571
0.04557
0.04556
0.04809
0.05225
0.05705
0.08349
0.06327
0.05334
0.04593
0.03791
0.04668
0.04993
0.04634
0.03831
0.038
0.037
0.04584
0.057
0.05213
0.05488
0.05256
0.05525
0.0543
0.05424
0.05378
0.05739
0.05721
0.0663
0.06898
0.0891
0.08252
0.0639
0.05654
0.04493
0.05199
0.05794
0.05306
0.04801
0.04778
0.04602
0.04638
0.05506
0.06312
0.06842
0.06458
0.06211
0.05451
0.05138
0.0487
0.04652
0.0487
0.05333
0.05862
0.07899
0.06792
0.04858
0.04763
0.04524
0.05153
0.05597
0.05992
0.052
0.04
0.03499
0.04749
0.05113
0.04853
0.0525
0.05592
0.059
0.05981
0.06049
0.05442
0.04808
0.04515
0.05442
0.05734
0.09649
0.08354
0.06038
0.058
0.05407
0.04796
0.06001
0.0601
0.0515
0.0465
0.04492
0.04492
0.0445
0.04492
0.04507
0.04753
0.05386
0.04896
0.05886
0.06002
0.05482
0.04766
0.05347
0.0512
0.08997
0.08316
0.06116
0.05851
0.04732
0.04505
0.04515
0.04981
0.04766
0.0461
0.04515
0.05491
0.062
0.05811
0.06502
0.06051
0.05043
0.04683
0.04656
0.04658
0.04654
0.0464
0.05203
0.06643
0.09212
0.09355
0.05562
0.05818
0.04505
0.04619
0.05091
0.04746
0.04607
0.04506
0.04223
0.04619
0.056
0.06262
0.0625
0.0615
0.04682
0.046
0.04558
0.04508
0.04504
0.04556
0.06132
0.0611
0.08357
0.08004
0.0519
0.05511
0.04516
0.04592
0.04691
0.0484
0.04555
0.04474
0.04203
0.04899
0.06087
0.07037
0.06319
0.05522
0.04978
0.04703
0.0456
0.04452
0.04414
0.04422
0.04968
0.05991
0.0709
0.06194
0.048
0.05008
0.04462
0.04597
0.04537
0.04847
0.04358
0.045
0.04634
0.05198
0.05999
0.06794
0.06792
0.06054
0.05447
0.051
0.05007
0.0455
0.04477
0.04534
0.04959
0.05991
0.07998
0.06793
0.0522
0.04798
0.04208
0.04653
0.04658
0.0489
0.04249
0.03991
0.03841
0.04981
0.05583
0.0599
0.05859
0.053
0.04898
0.04683
0.04489
0.0442
0.04413
0.04442
0.05207
0.05414
0.07089
0.07992
0.07
0.05457
0.05451
0.053
0.05629
0.05997
0.055
0.04891
0.04718
0.04699
0.0454
0.04509
0.0485
0.0635
0.065
0.059
0.0518
0.0442
0.04357
0.04357
0.04496
0.06183
0.08492
0.08297
0.054
0.05355
0.04795
0.06
0.05999
0.056995
0.054
0.04561
0.04156
0.04158
0.04156
0.04467
0.04536
0.052
0.054
0.04701
0.0452
0.044
0.04356
0.04137
0.0427
0.04751
0.058
0.07499
0.0728
0.05703
0.04455
0.04504
0.04253
0.04492
0.04492
0.04427
0.044
0.04677
0.05638
0.07109
0.06902
0.06124
0.055
0.04978
0.04731
0.044
0.04371
0.04371
0.045
0.058
0.06499
0.0723
0.0576
0.04947
0.04399
0.042
0.04114
0.04299
0.04027
0.03698
0.03509
0.04333
0.05402
0.06032
0.05531
0.05125
0.04747
0.05
0.04909
0.04402
0.04244
0.0415
0.04452
0.04451
0.0528
0.05983
0.05798
0.05452
0.04036
0.03997
0.03874
0.0429
0.04591
0.04593
0.04592
0.04598
0.06565
0.06493
0.07002
0.06774
0.064
0.06194
0.0528
0.043
0.04103
0.04201
0.042
0.048
0.05991
0.06374
0.05993
0.04924
0.044
0.04295
0.04259
0.044
0.0458
0.044
0.04289
0.04584
0.05251
0.06698
0.07559
0.06858
0.058
0.0461
0.0496
0.045
0.04326
0.05001
0.04599
0.05755
0.0564
0.059
0.05177
0.0501
0.04219
0.04444
0.03855
0.042
0.04316
0.04498
0.04491
0.04498
0.04601
0.04481
0.05907
0.05864
0.05588
0.05152
0.04889
0.04252
0.04223
0.0418
0.04498
0.05289
0.0606
0.06756
0.06491
0.05978
0.04301
0.04296
0.04
0.041
0.04094
0.04025
0.03828
0.03704
0.04057
0.041
0.05088
0.05802
0.05113
0.05245
0.043
0.041
0.04082
0.04073
0.04145
0.05
0.06055
0.06604
0.0749
0.06209
0.04131
0.0459
0.043
0.04929
0.04581
0.04412
0.03999
0.03994
0.04244
0.04449
0.04581
0.048
0.04671
0.0556
0.058
0.04974
0.046
0.046
0.04999
0.07
0.06495
0.06531
0.07
0.04549
0.04814
0.05067
0.045
0.0466
0.04888
0.04412
0.03847
0.0375
0.0432
0.03999
0.04518
0.0499
0.05
0.05071
0.0477
0.0425
0.04201
0.04301
0.0442
0.05551
0.0629
0.06703
0.06999
0.04994
0.04801
0.0399
0.03397
0.04395
0.0455
0.04391
0.04296
0.04752
0.05623
0.04999
0.064
0.06444
0.05617
0.046
0.04357
0.043
0.042
0.042
0.04504
0.05758
0.067
0.07
0.07497
0.055
0.043
0.042
0.04059
0.042
0.04408
0.04162
0.04189
0.04905
0.05051
0.05004
0.06288
0.06777
0.0643
0.05405
0.05085
0.04345
0.04127
0.04052
0.04125
0.04582
0.04642
0.05598
0.05866
0.05055
0.041
0.04025
0.03702
0.04053
0.04094
0.04139
0.04142
0.04651
0.052
0.04916
0.06374
0.05634
0.0474
0.0439
0.04248
0.04175
0.042
0.04175
0.05177
0.0634
0.06542
0.06981
0.07384
0.05054
0.042
0.05059
0.0425
0.0447
0.0425
0.04135
0.03569
0.03887
0.04808
0.04956
0.05602
0.051
0.04582
0.04249
0.04145
0.04055
0.03999
0.04
0.04222
0.04535
0.05882
0.05955
0.0749
0.05442
0.04267
0.04191
0.03831
0.04492
0.04613
0.04641
0.04537
0.04991
0.047
0.04296
0.05051
0.05213
0.0612
0.05999
0.0476
0.0426
0.04169
0.04142
0.04408
0.06193
0.06665
0.06493
0.06844
0.058
0.05098
0.04409
0.04192
0.04469
0.04699
0.04408
0.0415
0.04149
0.04155
0.043
0.04399
0.04964
0.05001
0.05633
0.05484
0.04798
0.04258
0.04168
0.0536
0.05693
0.05995
0.06391
0.0771
0.05995
0.0529
0.04375
0.04106
0.04409
0.048
0.04408
0.04409
0.04951
0.0508
0.05586
0.06406
0.0729
0.06782
0.068
0.065
0.057
0.05294
0.04928
0.06019
0.06497
0.06215
0.05327
0.04752
0.0501
0.0423
0.04996
0.043
0.044
0.04106
0.04054
0.04
0.04063
0.04509
0.0475
0.05624
0.06255
0.05944
0.05605
0.0612
0.0478
0.04364
0.0415
0.044
0.0552
0.058
0.0582
0.06648
0.054
0.04403
0.04596
0.04178
0.045
0.045
0.04357
0.04181
0.042
0.04407
0.05508
0.06499
0.06997
0.064
0.062
0.062
0.04792
0.04795
0.04408
0.048
0.0566
0.052
0.047
0.06193
0.04907
0.042
0.05187
0.046
0.04497
0.04694
0.0438
0.0429
0.04846
0.05007
0.0553
0.05608
0.05996
0.05994
0.058
0.05595
0.04796
0.0469
0.0555
0.0567
0.06291
0.06293
0.0566
0.068
0.06293
0.04507
0.05
0.04393
0.04706
0.04706
0.04705
0.04705
0.0521
0.05256
0.05716
0.0702
0.07514
0.072
0.07
0.074
0.062
0.056
0.0496
0.0556
0.06791
0.0654
0.06019
0.066
0.0551
0.048
0.0676
0.047
0.04936
0.048
0.04597
0.04364
0.04319
0.044
0.04381
0.0664
0.07
0.0627
0.0555
0.045
0.04301
0.0428
0.0431
0.04369
0.0565
0.06997
0.068
0.06897
0.0576
0.0438
0.04498
0.04699
0.04699
0.045
0.04335
0.04272
0.041
0.04264
0.042
0.0435
0.0522
0.0605
0.0571
0.055
0.046
0.04342
0.0426
0.0448
0.05997
0.06602
0.06749
0.068
0.0571
0.04229
0.04643
0.03998
0.0418
0.04192
0.0413
0.04105
0.0421
0.06501
0.05794
0.06744
0.0664
0.055
0.053
0.0476
0.04275
0.0423
0.042
0.046
0.06745
0.073
0.06744
0.055
0.051
0.04
0.05162
0.042
0.04
0.03851
0.03202
0.0312
0.04226
0.04859
0.04993
0.0592
0.05209
0.044
0.043
0.04298
0.042
0.04198
0.042
0.04473
0.0555
0.06501
0.06203
0.0728
0.05744
0.04098
0.04797
0.04443
0.0446
0.04496
0.04491
0.04448
0.0518
0.04768
0.06592
0.07298
0.06565
0.0463
0.04401
0.04093
0.03993
0.03804
0.03991
0.044
0.05019
0.059
0.064
0.0697
0.04609
0.03737
0.039
0.03
0.03705
0.04209
0.04549
0.04912
0.0522
0.06493
0.04793
0.06708
0.06643
0.045
0.04401
0.04207
0.04148
0.04105
0.04104
0.0528
0.0573
0.062
0.066
0.073
0.06
0.04609
0.0478
0.042
0.04309
0.0431
0.042
0.04162
0.04319
0.05
0.0612
0.0734
0.07
0.05
0.04269
0.0416
0.0401
0.039
0.03807
0.04203
0.0548
0.062
0.06491
0.069
0.064
0.0436
0.052
0.04892
0.04642
0.04472
0.044
0.04219
0.044
0.04441
0.04608
0.06908
0.06799
0.0547
0.0482
0.0424
0.04097
0.04092
0.0402
0.04098
0.0466
0.062
0.0641
0.06796
0.057
0.043
0.05493
0.04519
0.04991
0.0452
0.04586
0.039
0.03808
0.03809
0.0361
0.04129
0.05275
0.0575
0.0528
0.05
0.042
0.04
0.03852
0.04078
0.054
0.0584
0.058
0.06796
0.06507
0.042
0.05009
0.034
0.0334
0.03
0.0255
0.025
0.0369
0.05
0.0492
0.0602
0.05557
0.046
0.0445
0.047
0.0459
0.04155
0.0447
0.05801
0.0681
0.07
0.062
0.0654
0.048
0.04
0.04593
0.0351
0.03756
0.03939
0.036
0.03495
0.05
0.05508
0.0443
0.051
0.0546
0.05844
0.05
0.05
0.04796
0.048
0.04808
0.0615
0.072
0.07406
0.06569
0.06982
0.051
0.04954
0.05001
0.04401
0.044
0.04271
0.04257
0.04237
0.044
0.056
0.06521
0.072
0.0593
0.045
0.04499
0.0436
0.0425
0.04239
0.042
0.0481
0.0531
0.0568
0.0534
0.05771
0.05107
0.0422
0.046
0.04699
0.0451
0.04441
0.04
0.03752
0.048
0.05895
0.05
0.064
0.05012
0.04401
0.04401
0.044
0.044
0.04401
0.04132
0.0458
0.05164
0.05636
0.0659
0.07199
0.06995
0.05001
0.0455
0.04392
0.046
0.04642
0.04316
0.0407
0.04312
0.04396
0.06
0.07999
0.08595
0.07899
0.0753
0.07153
0.0673
0.0521
0.045
0.0594
0.055
0.058
0.058
0.05689
0.05256
0.04855
0.0555
0.04673
0.04673
0.04251
0.0417
0.04
0.04
0.04197
0.04405
0.05107
0.06
0.058
0.053
0.0502
0.044
0.04301
0.04351
0.04397
0.058
0.06994
0.067
0.066
0.06387
0.04599
0.06194
0.055
0.052
0.04735
0.046
0.03999
0.03855
0.042
0.04107
0.04484
0.0457
0.054
0.056
0.06029
0.0515
0.04589
0.0443
0.054
0.07
0.0712
0.058
0.058
0.052
0.04303
0.05099
0.05
0.04253
0.04258
0.04098
0.04
0.044
0.05051
0.0475
0.06494
0.06499
0.0587
0.0475
0.04551
0.044
0.04258
0.04206
0.048
0.071
0.075
0.07103
0.066
0.055
0.04485
0.048
0.04365
0.04375
0.04707
0.04349
0.04351
0.04791
0.053
0.07501
0.07592
0.06818
0.0514
0.04988
0.05121
0.0441
0.04198
0.04
0.0441
0.05
0.056
0.053
0.05189
0.0474
0.03991
0.04254
0.037
0.042
0.044
0.04748
0.0479
0.04809
0.05412
0.05236
0.07191
0.07
0.054
0.04899
0.04653
0.0437
0.03998
0.03998
0.04571
0.056
0.067
0.07
0.07198
0.06
0.04752
0.05431
0.04319
0.04303
0.04331
0.04344
0.04356
0.048
0.058
0.0653
0.074
0.063
0.0555
0.04508
0.046
0.04483
0.04482
0.044
0.05195
0.06
0.061
0.07
0.06986
0.06337
0.04727
0.04662
0.04259
0.04259
0.04287
0.04257
0.0431
0.04891
0.06001
0.0564
0.067
0.0648
0.06
0.055
0.0494
0.044
0.0436
0.0436
0.05
0.06
0.06
0.06188
0.06
0.058
0.04412
0.05796
0.0483
0.04644
0.045
0.04282
0.04177
0.0417
0.042
0.04391
0.065
0.056
0.045
0.0425
0.04151
0.04114
0.038
0.03993
0.04354
0.0515
0.06
0.06519
0.0692
0.068
0.05804
0.05491
0.04661
0.0466
0.048
0.04799
0.04799
0.04661
0.0466
0.04449
0.048
0.0526
0.05807
0.0451
0.04425
0.03806
0.036
0.036
0.04273
0.04455
0.05145
0.06
0.07
0.07992
0.05691
0.055
0.04799
0.04992
0.048
0.04643
0.04645
0.046
0.04495
0.0451
0.04999
0.0527
0.05
0.044
0.043
0.04247
0.0406
0.0428
0.0439
0.051
0.062
0.067
0.06791
0.0713
0.052
0.0467
0.0461
0.0434
0.0433
0.04253
0.04252
0.04267
0.0477
0.066
0.067
0.056
0.04411
0.04375
0.0434
0.0424
0.03856
0.04296
0.05049
0.06401
0.064
0.063
0.066
0.06786
0.0441
0.04967
0.04389
0.04438
0.04389
0.04389
0.04356
0.04588
0.05386
0.06616
0.06941
0.05193
0.04418
0.04289
0.04269
0.04
0.03999
0.04205
0.04488
0.0567
0.062
0.06562
0.06406
0.06284
0.04748
0.058
0.0479
0.0449
0.0437
0.03901
0.038
0.04366
0.0497
0.065
0.067
0.055
0.0457
0.04571
0.0494
0.0482
0.048
0.04571
0.054
0.0563
0.06501
0.0708
0.07189
0.07
0.052
0.078
0.064
0.04999
0.04774
0.0416
0.03799
0.04307
0.0467
0.0665
0.0653
0.05029
0.044
0.04348
0.041
0.04
0.03996
0.03991
0.04423
0.04941
0.05566
0.06462
0.068
0.07
0.05301
0.04381
0.04315
0.043
0.04391
0.046
0.046
0.04601
0.046
0.04397
0.052
0.058
0.06
0.058
0.0506
0.04619
0.044
0.04319
0.0496
0.058
0.069
0.0644
0.0658
0.064
0.053
0.056
0.0497
0.04873
0.04799
0.0458
0.0458
0.04432
0.04421
0.04404
0.0448
0.0485
0.0586
0.062
0.056
0.048
0.04622
0.0445
0.04623
0.0522
0.057
0.06195
0.0635
0.061
0.0441
0.04872
0.04585
0.045
0.045
0.044
0.04095
0.04303
0.04872
0.062
0.0683
0.058
0.04622
0.0452
0.0447
0.04455
0.04436
0.04445
0.05
0.063
0.064
0.07109
0.06991
0.066
0.0451
0.055
0.0466
0.046
0.044
0.04296
0.04294
0.0441
0.057
0.0651
0.0702
0.0634
0.054
0.0491
0.04598
0.04591
0.04578
0.04506
0.054
0.065
0.064
0.063
0.0512
0.0514
0.0414
0.059
0.0519
0.04995
0.0464
0.04191
0.04109
0.046
0.05376
0.05196
0.06299
0.067
0.0581
0.06
0.05704
0.052
0.04755
0.05
0.065
0.07
0.0726
0.068
0.06
0.062
0.0457
0.057
0.04602
0.045
0.04482
0.04432
0.04431
0.0445
0.05203
0.05509
0.068
0.058
0.048
0.04556
0.04554
0.0455
0.0455
0.044
0.0491
0.0606
0.068
0.07
0.0674
0.07195
0.04651
0.06255
0.04674
0.04551
0.0453
0.04373
0.04374
0.04474
0.05408
0.05436
0.07
0.0658
0.05501
0.04823
0.04701
0.048
0.04633
0.04663
0.05
0.0657
0.0703
0.0713
0.0671
0.066
0.0533
0.0655
0.04858
0.0571
0.0549
0.0496
0.048
0.04532
0.043
0.0556
0.06607
0.06801
0.06343
0.04992
0.0455
0.04111
0.04005
0.0419
0.0449
0.0523
0.0636
0.07192
0.06993
0.0693
0.05406
0.058
0.054
0.059
0.0526
0.046
0.04
0.04
0.04
0.04697
0.05
0.04999
0.06006
0.04724
0.04724
0.0505
0.04724
0.045
0.04724
0.058
0.0643
0.07
0.072
0.0765
0.0674
0.0599
0.046
0.046
0.044
0.042
0.0415
0.0437
0.058
0.0538
0.0685
0.0597
0.054
0.05
0.05046
0.05001
0.04724
0.04724
0.0624
0.074
0.07436
0.066
0.0595
0.0574
0.0462
0.05999
0.0499
0.04537
0.04213
0.04192
0.041
0.0424
0.04937
0.05349
0.06363
0.05468
0.0512
0.05203
0.056
0.0529
0.053
0.0531
0.057
0.0674
0.069
0.073
0.064
0.066
0.04855
0.05607
0.0499
0.04752
0.0467
0.0467
0.0433
0.04739
0.0527
0.05975
0.0765
0.06326
0.05289
0.04893
0.04893
0.04757
0.04702
0.048
0.04943
0.068
0.0743
0.07373
0.0589
0.06
0.048
0.05663
0.05195
0.04728
0.047
0.047
0.0467
0.04702
0.05207
0.051
0.0701
0.0726
0.0618
0.0548
0.0536
0.04996
0.04907
0.04887
0.0656
0.07194
0.0707
0.0654
0.058
0.05663
0.05
0.064
0.0599
0.05
0.048
0.04705
0.046
0.044
0.055
0.061
0.0757
0.07778
0.072
0.06325
0.058
0.04922
0.04808
0.0478
0.04922
0.0551
0.067
0.068
0.059
0.062
0.054
0.07009
0.05997
0.055
0.055
0.0492
0.042
0.04007
0.04506
0.04994
0.07
0.07598
0.07591
0.058
0.048
0.046
0.04293
0.044
0.0461
0.0523
0.0696
0.0655
0.06
0.0555
0.0465
0.05737
0.04197
0.034
0.02799
0.0316
0.02465
0.02241
0.0256
0.0282
0.034
0.046
0.055
0.057
0.059
0.048
0.044
0.0462
0.058
0.06309
0.051
0.062
0.064
0.078
0.07
0.08
0.05
0.0632
0.0546
0.0477
0.0476
0.052
0.07652
0.04876
0.05605
0.064
0.0685
0.0618
0.05814
0.05852
0.0526
0.058
0.06352
0.07
0.07268
0.07011
0.061
0.06145
0.0474
0.056
0.05192
0.0459
0.0455
0.04083
0.038
0.04103
0.04757
0.0525
0.07
0.07288
0.06679
0.06
0.0559
0.05
0.04686
0.04999
0.06
0.06309
0.0614
0.0619
0.052
0.06
0.04686
0.05603
0.04786
0.0461
0.04553
0.0453
0.0453
0.04735
0.0588
0.04993
0.0675
0.0636
0.0621
0.0647
0.06741
0.0599
0.0594
0.06
0.07354
0.07201
0.072
0.0659
0.05822
0.062
0.05045
0.05607
0.05296
0.05
0.04812
0.048
0.048
0.0482
0.05704
0.052
0.0694
0.07338
0.07
0.062
0.064
0.05095
0.04996
0.055
0.06795
0.07219
0.07
0.06778
0.05599
0.052
0.0481
0.06
0.0538
0.0487
0.0481
0.04756
0.047
0.04889
0.05754
0.0549
0.07
0.078
0.074
0.06634
0.063
0.056
0.05076
0.05022
0.0592
0.065
0.062
0.07
0.058
0.0602
0.05422
0.064
0.0507
0.0537
0.0472
0.046
0.044
0.04407
0.04569
0.04703
0.052
0.074
0.07
0.0641
0.05336
0.0474
0.0465
0.0465
0.04808
0.0565
0.07001
0.076
0.07243
0.072
0.055
0.064
0.05199
0.05199
0.0527
0.04709
0.042
0.041
0.0439
0.042
0.0448
0.05396
0.0554
0.0566
0.061
0.048
0.04703
0.04759
0.0544
0.054
0.067
0.0748
0.0717
0.0717
0.06297
0.06005
0.04757
0.04714
0.04546
0.04506
0.04267
0.04795
0.0553
0.05501
0.06116
0.069
0.074
0.07204
0.068
0.05714
0.04809
0.04776
0.06746
0.07196
0.07194
0.062
0.05
0.05942
0.04748
0.05707
0.04828
0.04658
0.044
0.043
0.0421
0.04614
0.057
0.05629
0.064
0.07331
0.07097
0.06262
0.06
0.05033
0.04814
0.04784
0.0496
0.06
0.06123
0.0611
0.0531
0.06
0.04829
0.06001
0.04966
0.04901
0.04796
0.04497
0.044
0.04799
0.0548
0.05855
0.075
0.072
0.06405
0.05521
0.056
0.0512
0.04897
0.05271
0.06194
0.07001
0.075
0.075
0.06995
0.0558
0.0487
0.062
0.0485
0.0468
0.0454
0.03792
0.03795
0.04531
0.053
0.05501
0.06308
0.062
0.06137
0.058
0.05741
0.05089
0.04997
0.04859
0.058
0.0709
0.0661
0.07183
0.05938
0.06047
0.04782
0.0557
0.0491
0.0464
0.0452
0.04527
0.04107
0.0464
0.052
0.05596
0.068
0.07156
0.07001
0.06789
0.065
0.058
0.048
0.04741
0.06
0.064
0.063
0.064
0.054
0.054
0.04795
0.06001
0.058
0.0558
0.0472
0.046
0.043
0.04098
0.04555
0.04509
0.0558
0.068
0.0658
0.064
0.04951
0.04688
0.0461
0.0466
0.0482
0.066
0.079
0.0732
0.065
0.0616
0.0513
0.064
0.05504
0.049
0.04896
0.04698
0.046
0.04417
0.045
0.046
0.0465
0.06
0.06
0.06
0.05241
0.0465
0.0455
0.0454
0.05238
0.055
0.073
0.0742
0.0706
0.066
0.05272
0.05652
0.04799
0.046
0.04609
0.046
0.044
0.04777
0.05089
0.05812
0.072
0.076
0.06502
0.054
0.05301
0.0474
0.046
0.046
0.0479
0.06498
0.06497
0.058
0.048
0.05299
0.04561
0.0549
0.0468
0.04586
0.0435
0.0406
0.04
0.044
0.05
0.05365
0.065
0.069
0.0583
0.058
0.054
0.04898
0.0468
0.04679
0.0551
0.06996
0.07
0.06195
0.052
0.05382
0.051
0.0553
0.05091
0.0465
0.04598
0.0419
0.04104
0.04374
0.055
0.059
0.07496
0.07
0.056
0.052
0.0481
0.0534
0.046
0.0461
0.056
0.055
0.05293
0.05503
0.04802
0.054
0.04694
0.0424
0.03496
0.03441
0.02737
0.02443
0.02846
0.032
0.04391
0.0531
0.06001
0.05449
0.05382
0.05
0.0452
0.04169
0.04
0.0376
0.048
0.06
0.06099
0.0596
0.06665
0.07
0.0617
0.05503
0.06006
0.056
0.04874
0.04526
0.0449
0.05107
0.05509
0.05574
0.0579
0.06
0.056
0.05057
0.05365
0.05142
0.05037
0.048
0.06029
0.0699
0.07202
0.07228
0.063
0.05802
0.05267
0.0553
0.05501
0.05889
0.05382
0.04622
0.045
0.0407
0.04705
0.043
0.05
0.068
0.066
0.0592
0.0527
0.04702
0.046
0.04095
0.046
0.05248
0.0649
0.07
0.06981
0.06977
0.057
0.058
0.05394
0.05295
0.05156
0.04594
0.04056
0.03528
0.04257
0.02517
0.0397
0.05125
0.0579
0.0595
0.0566
0.052
0.04624
0.045
0.0475
0.06748
0.07
0.07005
0.07
0.06019
0.04597
0.0558
0.04649
0.04058
0.038
0.035
0.035
0.04177
0.058
0.06
0.07019
0.0707
0.063
0.0568
0.04944
0.0472
0.04598
0.04599
0.0472
0.06
0.0574
0.055
0.0517
0.04999
0.04697
0.0552
0.04879
0.04193
0.04005
0.04491
0.0469
0.05336
0.06
0.0502
0.0597
0.06753
0.06998
0.06954
0.066
0.05745
0.0506
0.05
0.066
0.068
0.06501
0.06
0.05365
0.05335
0.051
0.057
0.055
0.04495
0.04
0.03693
0.03849
0.04198
0.05199
0.04791
0.05316
0.05593
0.052
0.052
0.05254
0.0478
0.04704
0.04704
0.0606
0.071
0.07498
0.065
0.053
0.0506
0.048
0.0644
0.055
0.04893
0.0373
0.03492
0.03206
0.0387
0.05098
0.05205
0.06
0.05609
0.053
0.05021
0.0482
0.048
0.04797
0.04574
0.0527
0.05711
0.0699
0.0651
0.065
0.065
0.056
0.05505
0.05198
0.0434
0.041
0.03994
0.03992
0.04003
0.05501
0.05
0.0653
0.06529
0.05427
0.0495
0.04545
0.04544
0.04474
0.04544
0.0555
0.0633
0.07179
0.06991
0.065
0.055
0.04797
0.0565
0.05204
0.0496
0.04494
0.04389
0.04306
0.04
0.045
0.04496
0.056
0.0588
0.057
0.049
0.04406
0.0432
0.04303
0.04338
0.045
0.0568
0.063
0.063
0.064
0.06
0.06
0.05502
0.0492
0.05109
0.052
0.04594
0.0435
0.0411
0.04319
0.04371
0.048
0.0509
0.0568
0.056
0.056
0.04808
0.04464
0.04601
0.049
0.0514
0.06791
0.068
0.06875
0.065
0.0572
0.0527
0.05097
0.04908
0.04574
0.04549
0.04529
0.04598
0.051
0.0539
0.0581
0.0604
0.05188
0.05
0.04607
0.046
0.04564
0.04606
0.06299
0.07
0.07803
0.07492
0.0717
0.06882
0.052
0.0559
0.049
0.04597
0.04546
0.0443
0.04392
0.0458
0.05492
0.0607
0.067
0.065
0.0544
0.0479
0.04571
0.04506
0.04439
0.04562
0.06402
0.072
0.08
0.073
0.064
0.05799
0.048
0.0537
0.046
0.04515
0.04253
0.04317
0.04248
0.04578
0.05119
0.05499
0.05952
0.06
0.056
0.054
0.0531
0.04845
0.04701
0.0507
0.062
0.071
0.07323
0.0651
0.0535
0.054
0.047
0.051
0.04685
0.04456
0.043
0.04368
0.04293
0.04678
0.0501
0.05421
0.0627
0.06348
0.05768
0.0527
0.049
0.04897
0.04893
0.04794
0.066
0.074
0.076
0.071
0.06502
0.056
0.04652
0.05509
0.05
0.04678
0.04598
0.04583
0.0449
0.04592
0.0495
0.05693
0.0722
0.06997
0.062
0.05409
0.04893
0.04664
0.04663
0.04662
0.054
0.065
0.07
0.0626
0.0507
0.054
0.04879
0.056
0.04992
0.0465
0.045
0.0439
0.04159
0.0413
0.045
0.05003
0.07
0.07686
0.0717
0.0558
0.04413
0.0415
0.04017
0.03644
0.04156
0.0461
0.0589
0.064
0.05815
0.0536
0.04592
0.0664
0.054
0.054
0.0472
0.04299
0.044
0.04272
0.044
0.04692
0.052
0.04991
0.06102
0.06
0.05
0.0439
0.04
0.0431
0.0542
0.053
0.062
0.0642
0.07
0.06456
0.05793
0.0634
0.044
0.0385
0.0412
0.044
0.0439
0.04521
0.052
0.04981
0.055
0.05816
0.0599
0.059
0.0564
0.05227
0.0542
0.0556
0.058
0.065
0.0663
0.07
0.0511
0.04978
0.04648
0.05501
0.0469
0.046
0.04432
0.04599
0.045
0.04585
0.05293
0.05609
0.05709
0.05706
0.0571
0.05689
0.05666
0.0562
0.05609
0.05787
0.0697
0.0709
0.07377
0.07
0.062
0.0589
0.05569
0.05401
0.04842
0.047
0.04598
0.04585
0.04588
0.04786
0.05501
0.05666
0.06376
0.06671
0.06376
0.065
0.06487
0.0645
0.0615
0.06367
0.07378
0.071
0.0749
0.069
0.06207
0.058
0.05307
0.06393
0.04968
0.04579
0.04532
0.04296
0.04294
0.047
0.05239
0.05557
0.06
0.062
0.056
0.05579
0.05559
0.053
0.05022
0.05
0.067
0.0728
0.07505
0.06896
0.056
0.058
0.05619
0.05808
0.04849
0.04698
0.0466
0.04605
0.04501
0.0466
0.054
0.05147
0.0621
0.0652
0.056
0.05469
0.05
0.05254
0.05
0.04791
0.06
0.0661
0.07191
0.06609
0.0594
0.06
0.05181
0.066
0.04995
0.04808
0.0471
0.04799
0.04693
0.04694
0.04811
0.05041
0.06
0.068
0.058
0.04892
0.048
0.04876
0.04662
0.04702
0.0486
0.065
0.07793
0.07446
0.0681
0.06798
0.062
0.06701
0.05042
0.05
0.0467
0.048
0.04792
0.045
0.047
0.046
0.048
0.05
0.055
0.057
0.0597
0.055
0.049
0.04511
0.0554
0.054
0.07196
0.07329
0.075
0.0748
0.064
0.06484
0.0536
0.05194
0.0489
0.04856
0.04836
0.04869
0.056
0.04991
0.0668
0.072
0.062
0.0648
0.066
0.0568
0.0528
0.0537
0.062
0.0734
0.0751
0.066
0.05244
0.0567
0.05
0.0553
0.0488
0.04812
0.04647
0.04503
0.04215
0.04603
0.05144
0.05306
0.05799
0.06926
0.05692
0.05604
0.05997
0.05198
0.05016
0.04945
0.0627
0.07346
0.07193
0.06891
0.05504
0.06
0.04905
0.058
0.04703
0.04493
0.04495
0.04683
0.04752
0.04753
0.0632
0.05246
0.0588
0.0689
0.056
0.056
0.057
0.052
0.05
0.051
0.0702
0.07996
0.07793
0.072
0.065
0.0614
0.0473
0.0563
0.04694
0.0465
0.048
0.0465
0.04655
0.0465
0.05278
0.063
0.07399
0.07
0.06
0.0535
0.0588
0.051
0.05076
0.0504
0.07099
0.07991
0.07506
0.0688
0.0598
0.062
0.04903
0.064
0.04793
0.0474
0.047
0.04694
0.047
0.04717
0.05255
0.05282
0.07397
0.0764
0.067
0.0628
0.06202
0.05
0.04807
0.04824
0.05564
0.0727
0.07273
0.06773
0.052
0.05709
0.0544
0.06609
0.04891
0.0493
0.04797
0.0478
0.04693
0.043
0.044
0.05003
0.068
0.07438
0.06294
0.05
0.04658
0.0463
0.0445
0.04603
0.0463
0.062
0.07007
0.07391
0.0715
0.07031
0.061
0.06
0.05355
0.048
0.04695
0.04698
0.04695
0.046
0.04796
0.04791
0.05213
0.053
0.056
0.054
0.06
0.05
0.04658
0.05
0.0528
0.0568
0.075
0.075
0.07691
0.07692
0.059
0.0556
0.0495
0.04793
0.047
0.047
0.0475
0.04892
0.053
0.05419
0.072
0.07496
0.064
0.065
0.065
0.054
0.05055
0.058
0.072
0.07899
0.078
0.0779
0.072
0.067
0.05
0.068
0.04996
0.04851
0.04796
0.04748
0.04742
0.04775
0.05295
0.05405
0.07098
0.075
0.06
0.0621
0.06
0.05211
0.0509
0.0516
0.064
0.0761
0.074
0.0779
0.0699
0.0593
0.05201
0.064
0.04793
0.04708
0.04643
0.0459
0.0464
0.04657
0.05307
0.054
0.065
0.066
0.06
0.0612
0.062
0.05621
0.05393
0.0585
0.07193
0.07995
0.07993
0.0746
0.066
0.064
0.055
0.0612
0.04858
0.047
0.0468
0.04679
0.0468
0.04707
0.05176
0.056
0.073
0.0757
0.0642
0.062
0.0619
0.056
0.05047
0.0525
0.068
0.075
0.0775
0.07096
0.061
0.059
0.05105
0.06092
0.04991
0.0484
0.0478
0.04752
0.048
0.04827
0.053
0.0533
0.066
0.074
0.0613
0.058
0.0585
0.055
0.0508
0.056
0.065
0.07994
0.079
0.06886
0.0595
0.0638
0.05207
0.06304
0.05093
0.0502
0.0481
0.0479
0.04748
0.04709
0.04623
0.05007
0.064
0.07
0.06501
0.065
0.05912
0.04804
0.048
0.04754
0.0491
0.06506
0.07362
0.07491
0.0714
0.07197
0.062
0.0636
0.05238
0.054
0.048
0.04687
0.0469
0.04566
0.04648
0.04619
0.04633
0.054
0.05353
0.053
0.06349
0.053
0.046
0.04756
0.052
0.06
0.0699
0.07493
0.0787
0.07637
0.07299
0.058
0.04857
0.04623
0.0475
0.04694
0.04682
0.04839
0.05414
0.05504
0.0588
0.0701
0.064
0.06
0.0616
0.05296
0.05069
0.05126
0.06909
0.0778
0.074
0.0688
0.06045
0.059
0.05281
0.0569
0.04853
0.048
0.04749
0.0474
0.04757
0.04924
0.0557
0.05779
0.07
0.07198
0.061
0.05918
0.06
0.059
0.05299
0.05346
0.0682
0.07573
0.07573
0.0713
0.059
0.0594
0.0529
0.06299
0.05
0.04804
0.04742
0.0469
0.04702
0.05082
0.05743
0.05929
0.062
0.06611
0.05962
0.05558
0.0574
0.05512
0.0542
0.06228
0.07
0.075
0.07697
0.07
0.06
0.06
0.05166
0.058
0.0509
0.04752
0.0469
0.04357
0.04354
0.0476
0.0528
0.05834
0.06
0.0651
0.06633
0.06622
0.06246
0.062
0.05856
0.06461
0.07
0.06831
0.07149
0.0692
0.0657
0.073
0.06202
0.05503
0.04992
0.04699
0.0464
0.04629
0.0464
0.04807
0.05537
0.05677
0.0654
0.0723
0.07
0.065
0.06
0.05904
0.05506
0.058
0.06856
0.07
0.0729
0.066
0.059
0.068
0.05509
0.073
0.059
0.08999
0.059
0.04743
0.04598
0.04491
0.04417
0.0462
0.05964
0.06554
0.054
0.04959
0.042
0.0383
0.038
0.03854
0.041
0.04545
0.0484
0.054
0.06
0.07
0.0567
0.04326
0.03876
0.03772
0.0365
0.03675
0.03675
0.0364
0.03502
0.03507
0.0351
0.03794
0.0504
0.0539
0.056
0.0518
0.0483
0.05036
0.064
0.065
0.07001
0.07
0.0734
0.078
0.07
0.06501
0.05761
0.049
0.045
0.04395
0.0475
0.04797
0.05365
0.05527
0.056
0.06306
0.059
0.05307
0.053
0.05
0.05
0.05105
0.06207
0.078
0.07998
0.07437
0.065
0.065
0.052
0.05499
0.0476
0.0471
0.047
0.046
0.04694
0.04764
0.05694
0.062
0.07797
0.07398
0.05847
0.052
0.04999
0.04852
0.04874
0.04924
0.056
0.0611
0.07293
0.07
0.067
0.066
0.05029
0.05409
0.0502
0.04919
0.05041
0.04904
0.05
0.04903
0.0565
0.05522
0.064
0.066
0.058
0.0535
0.054
0.05498
0.05506
0.05351
0.065
0.07495
0.0752
0.07498
0.069
0.062
0.0494
0.056
0.04899
0.04699
0.04478
0.04691
0.04695
0.04869
0.05669
0.058
0.06
0.06029
0.05964
0.05887
0.05768
0.058
0.05684
0.05788
0.06297
0.07471
0.075
0.07493
0.0657
0.06156
0.05685
0.0553
0.04906
0.047
0.04642
0.046
0.04649
0.05336
0.06159
0.06291
0.06432
0.0679
0.06408
0.06433
0.064
0.06363
0.05866
0.05992
0.06382
0.065
0.0699
0.0644
0.06363
0.06131
0.05366
0.0638
0.0531
0.04884
0.0476
0.04499
0.0447
0.04558
0.04746
0.05
0.055
0.06997
0.0638
0.0529
0.04854
0.0483
0.0465
0.04801
0.0483
0.0599
0.06992
0.0733
0.07394
0.07539
0.06694
0.05957
0.05295
0.04798
0.04696
0.04546
0.04549
0.04542
0.045
0.0525
0.04661
0.06
0.06569
0.0633
0.062
0.054
0.046
0.048
0.0493
0.064
0.074
0.078
0.075
0.0745
0.062
0.058
0.0475
0.04552
0.04496
0.04493
0.04498
0.04944
0.05903
0.059
0.06212
0.05994
0.05859
0.05669
0.05428
0.05493
0.0573
0.0609
0.06519
0.06729
0.0781
0.07493
0.06801
0.06509
0.06
0.05722
0.0491
0.047
0.046
0.04552
0.04701
0.05292
0.05882
0.06
0.06428
0.06297
0.062
0.06107
0.06
0.059
0.05834
0.06132
0.064
0.06883
0.07
0.069
0.06204
0.06106
0.05209
0.068
0.05
0.0488
0.04816
0.04697
0.04695
0.04845
0.0541
0.05995
0.0678
0.06997
0.06241
0.054
0.052
0.04983
0.04951
0.05028
0.05802
0.0679
0.07
0.06994
0.0697
0.064
0.05987
0.05945
0.05055
0.05
0.048
0.045
0.046
0.05056
0.05716
0.06113
0.0745
0.072
0.066
0.06
0.056
0.05332
0.0519
0.0505
0.055
0.068
0.072
0.073
0.0687
0.0679
0.05004
0.06206
0.05383
0.04942
0.04891
0.04811
0.047
0.0491
0.05486
0.05495
0.07304
0.07399
0.06995
0.0615
0.059
0.0516
0.04967
0.04968
0.052
0.064
0.068
0.066
0.06127
0.065
0.053
0.06491
0.05294
0.04998
0.04991
0.049
0.04991
0.0499
0.054
0.049
0.06
0.07392
0.0715
0.06993
0.064
0.05655
0.0481
0.05014
0.065
0.0722
0.07594
0.065
0.05609
0.057
0.05363
0.0671
0.053
0.05285
0.047
0.047
0.04875
0.04878
0.053
0.044
0.05505
0.05037
0.058
0.0655
0.06797
0.0653
0.0655
0.0552
0.0679
0.068
0.07
0.07
0.0723
0.07
0.067
0.06364
0.055
0.051
0.051
0.05091
0.05097
0.05095
0.05613
0.05678
0.06312
0.07335
0.06997
0.066
0.064
0.056
0.05185
0.05367
0.058
0.07358
0.07473
0.07472
0.07291
0.068
0.04999
0.06
0.05193
0.05102
0.0503
0.05
0.05009
0.05109
0.05679
0.064
0.08
0.078
0.07
0.06639
0.066
0.06
0.053
0.056
0.058
0.066
0.068
0.07
0.067
0.066
0.05513
0.06006
0.05593
0.0521
0.05129
0.04709
0.0499
0.0509
0.05393
0.0583
0.07864
0.07995
0.0692
0.062
0.0575
0.05253
0.05106
0.05208
0.059
0.0623
0.066
0.05977
0.05961
0.05853
0.0509
0.058
0.05196
0.05097
0.04994
0.04891
0.04899
0.053
0.05702
0.058
0.07442
0.0722
0.06
0.05499
0.0524
0.05
0.04699
0.04844
0.05732
0.0633
0.07
0.0749
0.07899
0.075
0.05511
0.05993
0.05197
0.05
0.048
0.04708
0.04998
0.05226
0.05805
0.0608
0.08
0.078
0.07
0.05717
0.05468
0.055
0.05011
0.05278
0.05812
0.065
0.06633
0.0668
0.0602
0.059
0.05
0.05758
0.05119
0.04523
0.04362
0.0415
0.04118
0.04393
0.04541
0.04991
0.05307
0.065
0.068
0.058
0.0631
0.0509
0.04799
0.04749
0.065
0.058
0.07505
0.0823
0.082
0.0819
0.064
0.0672
0.06069
0.0539
0.05
0.05
0.04795
0.04646
0.04194
0.045
0.045
0.05492
0.063
0.0663
0.06518
0.06
0.0528
0.0636
0.0702
0.05995
0.074
0.08
0.0825
0.082
0.06158
0.0728
0.05105
0.05084
0.05057
0.05193
0.05197
0.0572
0.0645
0.05933
0.07529
0.086
0.08004
0.0878
0.08498
0.0784
0.074
0.07
0.08004
0.093
0.09
0.081
0.07503
0.07
0.06028
0.05867
0.05391
0.05099
0.0504
0.0503
0.0505
0.0596
0.0637
0.06785
0.0774
0.084
0.079
0.07854
0.06628
0.06465
0.06332
0.06326
0.06519
0.06867
0.07016
0.06926
0.06594
0.061
0.05508
0.06191
0.05396
0.04787
0.046
0.04647
0.05066
0.06075
0.06438
0.0631
0.06634
0.0678
0.065
0.0694
0.066
0.06592
0.06593
0.06499
0.06941
0.07145
0.07773
0.07457
0.0702
0.06818
0.06201
0.06251
0.05686
0.05073
0.04906
0.0496
0.05054
0.06137
0.06413
0.06839
0.08594
0.08154
0.06749
0.06444
0.06204
0.06052
0.05886
0.06026
0.06444
0.06722
0.06825
0.0683
0.06703
0.06434
0.05622
0.064
0.04959
0.0476
0.04596
0.04566
0.04702
0.05637
0.06199
0.06327
0.07257
0.074
0.06244
0.06207
0.06
0.05763
0.05601
0.055
0.05907
0.072
0.077
0.07754
0.08
0.0706
0.0595
0.06999
0.0543
0.04983
0.04768
0.04731
0.04746
0.04999
0.055
0.05399
0.063
0.06005
0.0657
0.0629
0.057
0.0543
0.05371
0.0575
0.0637
0.065
0.0807
0.08647
0.08977
0.0861
0.072
0.08
0.062
0.065
0.06
0.0564
0.0529
0.05293
0.0529
0.05
0.04678
0.064
0.075
0.07
0.0662
0.048
0.04
0.046
0.0652
0.0781
0.076
0.0719
0.0749
0.05858
0.05242
0.0445
0.04192
0.03283
0.02659
0.03
0.02996
0.04567
0.05184
0.05116
0.05941
0.05916
0.05813
0.06042
0.05949
0.05907
0.0585
0.05991
0.06488
0.06547
0.0679
0.07151
0.084
0.07492
0.06328
0.0647
0.063
0.05404
0.05366
0.05336
0.054
0.0599
0.06528
0.06684
0.071
0.07
0.06592
0.06499
0.06248
0.06275
0.06217
0.06365
0.06709
0.07995
0.0849
0.0836
0.08075
0.0668
0.06
0.06292
0.0564
0.05399
0.05395
0.05394
0.05394
0.06196
0.06678
0.0679
0.07107
0.07391
0.06986
0.06961
0.06977
0.06869
0.06596
0.06599
0.067
0.07027
0.07001
0.07811
0.08299
0.06482
0.05796
0.064
0.0566
0.05397
0.05391
0.05414
0.0559
0.05947
0.06614
0.0676
0.07115
0.072
0.06909
0.06882
0.0695
0.06839
0.06839
0.06761
0.0698
0.08649
0.089
0.087
0.08694
0.07001
0.06136
0.06299
0.0597
0.0545
0.05446
0.05444
0.05444
0.05899
0.06334
0.0676
0.07899
0.079
0.06758
0.06667
0.06529
0.06443
0.06
0.0615
0.06462
0.0667
0.07999
0.082
0.08201
0.06435
0.06
0.0676
0.0597
0.05492
0.0516
0.05
0.054
0.05474
0.05994
0.05635
0.06152
0.07437
0.075
0.0763
0.066
0.06
0.0559
0.055
0.061
0.075
0.085
0.085
0.085
0.0664
0.05993
0.07
0.06404
0.05796
0.05996
0.05296
0.05192
0.0469
0.05209
0.04592
0.05202
0.066
0.066
0.062
0.06
0.057
0.05206
0.052
0.06
0.0583
0.07
0.088
0.095
0.07791
0.05794
0.06903
0.05704
0.05338
0.05156
0.05
0.0498
0.06155
0.06658
0.06753
0.06834
0.07233
0.06806
0.06576
0.064
0.062
0.06007
0.063
0.0739
0.08211
0.08793
0.0823
0.084
0.05898
0.0575
0.06804
0.05792
0.05657
0.05591
0.05206
0.0507
0.05998
0.06732
0.06886
0.071
0.0751
0.06821
0.06629
0.06503
0.06389
0.06365
0.06501
0.07694
0.0873
0.08734
0.0779
0.0762
0.06389
0.057
0.06601
0.057
0.05394
0.05396
0.05206
0.05202
0.06591
0.06981
0.07084
0.07444
0.07909
0.0711
0.06937
0.06649
0.066
0.064
0.0682
0.0706
0.08
0.08394
0.08234
0.0831
0.06461
0.0579
0.065
0.05999
0.05795
0.05592
0.05396
0.05406
0.06379
0.06708
0.06802
0.07288
0.07481
0.06949
0.06796
0.0676
0.06496
0.06428
0.06575
0.07
0.082
0.082
0.078
0.078
0.068
0.05732
0.067
0.06094
0.05795
0.05694
0.055
0.05497
0.06094
0.06823
0.07415
0.08351
0.079
0.07
0.06548
0.062
0.059
0.05641
0.05599
0.0607
0.07862
0.08792
0.09
0.0915
0.078
0.06021
0.07203
0.074
0.065
0.05998
0.0585
0.05843
0.05849
0.0608
0.06495
0.0694
0.08
0.079
0.078
0.07437
0.0639
0.057
0.05753
0.06309
0.0763
0.0835
0.086
0.08496
0.07433
0.06134
0.08
0.07011
0.05795
0.06094
0.056
0.055
0.05499
0.049
0.058
0.06038
0.076
0.07994
0.0779
0.06702
0.0595
0.0536
0.05
0.0595
0.0673
0.0817
0.08999
0.0905
0.07
0.06154
0.064
0.056
0.05299
0.052
0.046
0.05296
0.06466
0.0711
0.06921
0.0747
0.07697
0.07203
0.0721
0.067
0.06
0.06
0.063
0.0753
0.09
0.09491
0.09
0.0813
0.06437
0.05387
0.0516
0.04558
0.04216
0.04
0.03678
0.0423
0.05664
0.0664
0.0677
0.07089
0.07102
0.06518
0.06806
0.075
0.06784
0.06458
0.07066
0.079
0.07993
0.086
0.08886
0.086
0.06753
0.06101
0.0717
0.0602
0.05492
0.0535
0.05298
0.0549
0.067
0.07446
0.0693
0.076
0.07816
0.07304
0.075
0.0739
0.0711
0.06604
0.06314
0.077
0.088
0.092
0.09
0.08995
0.06905
0.0616
0.07506
0.06505
0.05968
0.05456
0.05394
0.05397
0.06569
0.07237
0.07402
0.07286
0.07187
0.06759
0.06665
0.06548
0.06514
0.0644
0.0634
0.06896
0.0714
0.0839
0.09112
0.08993
0.07336
0.064
0.07453
0.065
0.062
0.05791
0.05591
0.05405
0.06462
0.0685
0.072
0.07959
0.0764
0.06971
0.06615
0.0618
0.06008
0.05901
0.05745
0.065
0.072
0.08
0.08798
0.08602
0.07
0.06406
0.06875
0.05792
0.05398
0.05202
0.0502
0.05496
0.05997
0.068
0.06192
0.0691
0.08
0.07899
0.07
0.068
0.05507
0.05492
0.05652
0.06
0.07504
0.08497
0.086
0.077
0.0608
0.0566
0.05397
0.04551
0.04047
0.03409
0.03032
0.025
0.02856
0.0321
0.0384
0.04163
0.051
0.07493
0.058
0.066
0.0672
0.0669
0.06085
0.06597
0.0708
0.08691
0.092
0.08999
0.0752
0.0619
0.06384
0.0562
0.05303
0.05692
0.056
0.05694
0.06404
0.07
0.08
0.085
0.08493
0.073
0.0632
0.06086
0.05852
0.0585
0.05904
0.06511
0.07
0.07279
0.07444
0.064
0.056
0.02
0.05993
0.04996
0.04049
0.03776
0.0395
0.04191
0.05532
0.0701
0.08408
0.0855
0.084
0.07899
0.061
0.05548
0.054
0.05134
0.05281
0.06105
0.07308
0.07992
0.0859
0.081
0.06199
0.05614
0.04402
0.03844
0.02991
0.0255
0.026
0.0315
0.05488
0.0692
0.07678
0.08449
0.07499
0.06677
0.06107
0.067
0.066
0.0575
0.061
0.07207
0.0816
0.08853
0.0877
0.0807
0.061
0.05326
0.04577
0.03825
0.03671
0.03653
0.03905
0.04481
0.06122
0.06929
0.06902
0.06865
0.07303
0.07195
0.0731
0.07198
0.0665
0.0665
0.0731
0.0814
0.08099
0.084
0.08165
0.069
0.063
0.0566
0.0784
0.06
0.05493
0.0386
0.02997
0.03186
0.05195
0.07
0.08493
0.0907
0.08316
0.07
0.06343
0.06089
0.0582
0.05698
0.05803
0.0622
0.068
0.0797
0.08993
0.08493
0.07
0.06242
0.058
0.05089
0.04959
0.0433
0.03668
0.03799
0.04198
0.0528
0.06
0.0689
0.0803
0.0686
0.0669
0.06999
0.0692
0.07508
0.06229
0.06976
0.09
0.09992
0.10006
0.09
0.069
0.06401
0.08007
0.071
0.0691
0.07
0.0697
0.06499
0.06504
0.06871
0.06401
0.068
0.0881
0.09011
0.07879
0.06984
0.0602
0.05
0.0536
0.05754
0.07
0.08537
0.095
0.09
0.0734
0.06791
0.05991
0.05116
0.06454
0.06432
0.065
0.07494
0.0746
0.07803
0.0743
0.0831
0.0751
0.06841
0.06521
0.06508
0.06415
0.06358
0.06314
0.0717
0.0837
0.09801
0.11
0.09383
0.07
0.0667
0.07503
0.065
0.064
0.06359
0.0629
0.062
0.0638
0.07114
0.109
0.10011
0.082
0.0692
0.06208
0.061
0.058
0.057
0.05946
0.0656
0.0728
0.08231
0.09493
0.079
0.06392
0.05415
0.06994
0.05347
0.05019
0.04409
0.0401
0.04567
0.05538
0.07
0.084
0.09
0.0766
0.0664
0.06214
0.05959
0.06
0.06004
0.0604
0.0657
0.06918
0.08392
0.1059
0.08523
0.06793
0.06298
0.07435
0.06692
0.0612
0.05699
0.0561
0.05655
0.06119
0.06858
0.0831
0.09611
0.073
0.0648
0.06004
0.06
0.05956
0.06
0.063
0.0687
0.0774
0.08986
0.1
0.08
0.06596
0.06494
0.06299
0.06099
0.05895
0.05897
0.0589
0.0577
0.06199
0.07123
0.07541
0.08781
0.0848
0.067
0.0618
0.06
0.05808
0.058
0.05859
0.0672
0.068
0.0865
0.09698
0.0763
0.069
0.0651
0.0753
0.0687
0.0713
0.06283
0.06006
0.0584
0.05347
0.06391
0.0734
0.0935
0.08533
0.0738
0.05809
0.05691
0.05029
0.04955
0.05292
0.0586
0.07216
0.08532
0.10175
0.07987
0.063
0.05997
0.0739
0.0705
0.0688
0.06
0.05895
0.05797
0.05898
0.06191
0.059
0.06996
0.0784
0.079
0.072
0.0671
0.0658
0.059
0.058
0.06155
0.07
0.086
0.09992
0.081
0.063
0.05592
0.05479
0.05163
0.049
0.05419
0.06094
0.06199
0.06605
0.07116
0.0782
0.08818
0.076
0.06621
0.064
0.0677
0.06788
0.05882
0.064
0.072
0.082
0.09
0.09365
0.07
0.06
0.05436
0.05381
0.05184
0.0449
0.04215
0.04193
0.04398
0.052
0.06376
0.06448
0.06869
0.06706
0.06119
0.06209
0.06072
0.05942
0.058
0.05645
0.0601
0.06728
0.083
0.08995
0.073
0.06365
0.05924
0.05623
0.054
0.05491
0.0551
0.0649
0.065
0.07
0.077
0.078
0.085
0.07899
0.06988
0.06878
0.06894
0.065
0.06203
0.0587
0.06738
0.072
0.08981
0.08886
0.07174
0.06669
0.05994
0.06793
0.05495
0.05442
0.05449
0.0563
0.0563
0.06798
0.07316
0.07394
0.07493
0.07207
0.0668
0.06514
0.06172
0.05847
0.05557
0.05957
0.06814
0.07325
0.08296
0.09
0.07265
0.06936
0.0648
0.06497
0.05914
0.05664
0.0563
0.055
0.055
0.05905
0.07174
0.07258
0.0765
0.0733
0.06805
0.06795
0.05959
0.05957
0.05851
0.05852
0.06852
0.0752
0.08871
0.0937
0.07246
0.06195
0.05701
0.07193
0.06276
0.05909
0.05658
0.05493
0.05491
0.05399
0.0567
0.05776
0.074
0.086
0.08696
0.0836
0.07899
0.066
0.05699
0.055
0.058
0.06551
0.08371
0.08698
0.06542
0.06453
0.05853
0.078
0.065
0.06656
0.066
0.06043
0.05896
0.05895
0.06022
0.06165
0.069
0.079
0.074
0.065
0.0568
0.04757
0.049
0.05254
0.057
0.0726
0.08914
0.092
0.07857
0.06211
0.05753
0.05022
0.04629
0.04417
0.04253
0.04308
0.04799
0.05656
0.07187
0.07427
0.07602
0.07317
0.0655
0.06443
0.0625
0.05936
0.05782
0.05748
0.06731
0.07726
0.09192
0.08945
0.07038
0.06369
0.06075
0.06164
0.05227
0.051
0.04732
0.05018
0.05468
0.06683
0.08008
0.08474
0.0827
0.07236
0.06199
0.06186
0.06096
0.05729
0.05774
0.06078
0.07144
0.08098
0.09922
0.08521
0.07266
0.06296
0.05652
0.05843
0.05398
0.05498
0.05567
0.058
0.06341
0.06535
0.07971
0.086
0.09
0.076
0.067
0.065
0.06
0.05602
0.05527
0.05503
0.06277
0.0726
0.086
0.086
0.07025
0.05881
0.05393
0.0651
0.04826
0.04625
0.04849
0.05422
0.05307
0.0616
0.07503
0.06567
0.0765
0.0655
0.06336
0.06
0.05817
0.0547
0.05404
0.05557
0.06521
0.07329
0.09299
0.0934
0.0765
0.06237
0.05821
0.07257
0.06268
0.0588
0.05592
0.04103
0.04448
0.04842
0.0626
0.06404
0.0629
0.0629
0.05926
0.0571
0.057
0.05
0.04992
0.05138
0.06074
0.06311
0.085
0.081
0.06315
0.05822
0.05592
0.05297
0.05013
0.05013
0.05395
0.05396
0.058
0.062
0.0571
0.05644
0.06553
0.0771
0.07661
0.068
0.054
0.04792
0.04117
0.0474
0.05425
0.05996
0.088
0.0874
0.07
0.05883
0.05632
0.04992
0.05302
0.055
0.058
0.0621
0.06683
0.074
0.075
0.05397
0.05598
0.06136
0.0734
0.076
0.08
0.068
0.05927
0.0556
0.0645
0.07954
0.0927
0.09151
0.07899
0.06874
0.05793
0.06322
0.05572
0.062
0.05798
0.052
0.052
0.06151
0.07119
0.07089
0.07442
0.07291
0.07279
0.06724
0.06277
0.06245
0.06319
0.064
0.072
0.08128
0.09692
0.09
0.07184
0.06319
0.05708
0.0669
0.05742
0.05653
0.0558
0.05492
0.05315
0.06559
0.07486
0.08177
0.07758
0.07159
0.06699
0.06413
0.063
0.059
0.059
0.05799
0.06918
0.07744
0.09047
0.08065
0.06812
0.064
0.06025
0.05741
0.0537
0.05381
0.05367
0.05337
0.05369
0.06618
0.07982
0.07721
0.0781
0.07226
0.0671
0.06443
0.06393
0.06199
0.06164
0.06859
0.07458
0.08087
0.1013
0.078
0.06795
0.06229
0.05577
0.05704
0.05331
0.053
0.05304
0.05074
0.05009
0.055
0.067
0.07528
0.0775
0.07267
0.0671
0.06319
0.06211
0.0578
0.05633
0.05633
0.07301
0.0816
0.1049
0.09493
0.06395
0.058
0.05788
0.05813
0.05359
0.05406
0.053
0.05217
0.05197
0.05526
0.06949
0.07563
0.0758
0.0737
0.06762
0.062
0.05593
0.05478
0.05479
0.05592
0.06635
0.07424
0.10007
0.09
0.06249
0.06
0.05562
0.07027
0.06
0.06
0.05501
0.054
0.05171
0.0518
0.05459
0.05908
0.074
0.08
0.0733
0.0666
0.0588
0.0543
0.0528
0.055
0.05545
0.07361
0.1
0.0829
0.072
0.063
0.05472
0.072
0.06677
0.06802
0.06088
0.0538
0.04991
0.05007
0.054
0.0543
0.06503
0.06373
0.0697
0.06386
0.0627
0.055
0.0538
0.05933
0.0602
0.074
0.09993
0.08898
0.066
0.059
0.054
0.0575
0.05054
0.05005
0.0532
0.05186
0.0568
0.05895
0.06829
0.0694
0.07996
0.07899
0.068
0.06185
0.05624
0.0535
0.05309
0.05454
0.06296
0.08028
0.101
0.08397
0.06111
0.05402
0.0498
0.05
0.04779
0.04529
0.04086
0.03575
0.04428
0.04914
0.0653
0.06933
0.072
0.06561
0.06324
0.05939
0.05827
0.05351
0.052
0.05352
0.05801
0.0738
0.0951
0.08
0.06129
0.0611
0.054
0.05052
0.04634
0.0445
0.03951
0.03997
0.04571
0.0546
0.0704
0.06671
0.07084
0.06857
0.06643
0.06441
0.06142
0.05777
0.0567
0.05866
0.0613
0.07511
0.0936
0.0797
0.06628
0.062
0.06044
0.05879
0.0515
0.05116
0.05114
0.04791
0.05115
0.05948
0.07
0.0721
0.074
0.07352
0.069
0.06799
0.06397
0.06282
0.06052
0.06039
0.06703
0.07683
0.08703
0.07352
0.06535
0.06245
0.05956
0.06122
0.05396
0.05277
0.04931
0.0456
0.05211
0.06064
0.06849
0.07346
0.07979
0.07791
0.07149
0.06634
0.0641
0.05544
0.0531
0.05381
0.06014
0.0684
0.07905
0.06965
0.06172
0.05975
0.05529
0.06222
0.0586
0.056
0.057
0.04961
0.04827
0.05673
0.058
0.05553
0.06377
0.06731
0.06686
0.06563
0.0596
0.05687
0.05482
0.05703
0.06359
0.07725
0.0992
0.079
0.06263
0.0576
0.055
0.0587
0.054
0.05252
0.05259
0.04693
0.047
0.0469
0.05106
0.05308
0.04562
0.0496
0.05352
0.0616
0.0603
0.064
0.06103
0.068
0.0762
0.07
0.12254
0.0998
0.07
0.062
0.0587
0.05463
0.05258
0.0538
0.05191
0.05096
0.052
0.05141
0.05655
0.07148
0.07
0.0757
0.07374
0.062
0.05655
0.057
0.05657
0.062
0.064
0.08575
0.10977
0.10385
0.07637
0.0641
0.05891
0.05202
0.05503
0.05304
0.05197
0.05158
0.05104
0.052
0.06398
0.06878
0.0638
0.079
0.07486
0.06938
0.06181
0.06088
0.06021
0.0588
0.06
0.07076
0.10001
0.092
0.07047
0.06635
0.06395
0.05677
0.05975
0.05539
0.0543
0.05119
0.05058
0.052
0.05974
0.0679
0.07634
0.07574
0.07176
0.07198
0.065
0.066
0.0625
0.06349
0.06726
0.07806
0.08832
0.08495
0.06975
0.06118
0.0618
0.05527
0.05377
0.05327
0.05333
0.05308
0.05156
0.05153
0.05386
0.065
0.06
0.0742
0.07765
0.07034
0.05877
0.0582
0.057
0.05767
0.0578
0.07262
0.09998
0.081
0.0774
0.0651
0.06109
0.05407
0.05132
0.05224
0.05071
0.05056
0.04952
0.04996
0.05432
0.06234
0.06685
0.06627
0.06408
0.063
0.05903
0.0597
0.0571
0.0596
0.06407
0.07459
0.09453
0.0733
0.06446
0.0579
0.05847
0.0565
0.0636
0.05612
0.04938
0.04684
0.04503
0.04512
0.04652
0.051
0.05275
0.058
0.05755
0.05597
0.054
0.05253
0.04933
0.05123
0.05519
0.06291
0.076
0.069
0.06265
0.05601
0.0553
0.05191
0.05351
0.04638
0.04517
0.04054
0.04003
0.04258
0.0442
0.0458
0.04117
0.04524
0.0575
0.062
0.0606
0.06201
0.06201
0.068
0.0494
0.06231
0.09497
0.079
0.07459
0.065
0.0566
0.04953
0.0533
0.05255
0.05226
0.05005
0.0495
0.04898
0.0523
0.06079
0.05995
0.06132
0.06173
0.06139
0.05938
0.0604
0.0613
0.06376
0.0647
0.07797
0.1
0.0744
0.06893
0.05768
0.05575
0.04951
0.0562
0.05194
0.052
0.05196
0.0491
0.0476
0.05115
0.06088
0.0628
0.06114
0.05863
0.05721
0.05441
0.05591
0.0547
0.055
0.05718
0.06691
0.07652
0.06668
0.0671
0.05496
0.05319
0.04895
0.05091
0.064
0.05863
0.05504
0.0466
0.046
0.05791
0.05982
0.0578
0.059
0.06552
0.0573
0.05346
0.05406
0.05669
0.05868
0.06054
0.0655
0.086
0.07994
0.06287
0.05573
0.05799
0.054
0.05394
0.0558
0.05342
0.05
0.04921
0.04893
0.05104
0.05987
0.06161
0.0615
0.05774
0.0575
0.0554
0.056
0.05755
0.05823
0.062
0.0772
0.08047
0.06775
0.06172
0.05596
0.05328
0.04982
0.05961
0.055
0.05247
0.05319
0.04515
0.0458
0.056
0.06201
0.06501
0.07184
0.06277
0.05926
0.05725
0.05581
0.05643
0.05779
0.05695
0.06261
0.0815
0.07057
0.0678
0.05868
0.05459
0.04893
0.04921
0.04995
0.0469
0.0503
0.05023
0.0503
0.05443
0.0617
0.05444
0.05742
0.05968
0.06237
0.06215
0.06471
0.062
0.0599
0.05626
0.0791
0.09299
0.082
0.06679
0.0625
0.05801
0.05602
0.0694
0.074
0.07033
0.059
0.0513
0.04792
0.048
0.05043
0.04323
0.05149
0.06104
0.06101
0.05924
0.0585
0.05808
0.05905
0.04866
0.07247
0.094
0.0752
0.0595
0.05533
0.0515
0.0496
0.05049
0.05109
0.05102
0.04651
0.03793
0.04257
0.05785
0.06293
0.05864
0.06
0.06145
0.05894
0.05781
0.05569
0.05734
0.05804
0.06158
0.07627
0.087
0.07338
0.06358
0.05473
0.05476
0.05063
0.05402
0.0559
0.0559
0.04994
0.04614
0.04562
0.05606
0.06122
0.06279
0.06323
0.06128
0.05827
0.05684
0.05721
0.06023
0.06106
0.0643
0.08143
0.09097
0.07104
0.065
0.05939
0.05909
0.05252
0.05398
0.0573
0.04996
0.04322
0.04171
0.0436
0.0538
0.06011
0.06383
0.06277
0.06033
0.05689
0.05588
0.05668
0.05879
0.06254
0.066
0.075
0.09
0.07347
0.06793
0.06009
0.06003
0.05495
0.0539
0.05691
0.05393
0.05005
0.05056
0.0529
0.05828
0.06509
0.06623
0.06518
0.06227
0.06072
0.05977
0.06006
0.06088
0.06206
0.06322
0.074
0.09491
0.07899
0.0735
0.0645
0.06155
0.061
0.05701
0.06169
0.05791
0.0562
0.0555
0.05405
0.05875
0.06382
0.07346
0.075
0.0695
0.06538
0.06163
0.06051
0.06051
0.06149
0.06319
0.08843
0.09
0.07258
0.0645
0.0604
0.05741
0.05555
0.05893
0.06999
0.06293
0.05556
0.0531
0.05259
0.05359
0.05555
0.05552
0.068
0.068
0.0614
0.0585
0.058
0.05735
0.05757
0.05713
0.08
0.099
0.08626
0.068
0.05898
0.05555
0.0526
0.0575
0.05498
0.064
0.06
0.05202
0.0467
0.04384
0.0565
0.0504
0.06
0.068
0.06165
0.05942
0.0631
0.05737
0.05883
0.05416
0.08175
0.10186
0.0808
0.07417
0.06092
0.06092
0.05883
0.0595
0.05691
0.05463
0.05153
0.05022
0.05302
0.06089
0.06511
0.06884
0.07132
0.06906
0.06744
0.0629
0.0605
0.05739
0.05624
0.067
0.08263
0.09206
0.0811
0.06949
0.06176
0.05501
0.0517
0.056
0.05394
0.05059
0.0465
0.04517
0.04824
0.05857
0.06194
0.05809
0.062
0.0619
0.05999
0.056
0.05684
0.05684
0.06304
0.05999
0.076
0.09001
0.076
0.068
0.06419
0.05983
0.05496
0.0578
0.05706
0.05507
0.05054
0.0502
0.05159
0.057
0.05948
0.05941
0.06468
0.065
0.06169
0.06169
0.0639
0.06649
0.066
0.06661
0.09999
0.106
0.08079
0.06997
0.06311
0.06215
0.0536
0.05654
0.05613
0.0543
0.05158
0.05105
0.0538
0.05571
0.06913
0.0689
0.07552
0.07999
0.0803
0.07852
0.08222
0.08255
0.08209
0.089
0.15121
0.16071
0.12398
0.08256
0.06744
0.0629
0.05589
0.05765
0.0558
0.05332
0.05182
0.05174
0.05259
0.0585
0.07199
0.068
0.082
0.08403
0.08556
0.085
0.08207
0.08152
0.08199
0.08456
0.09966
0.1
0.08262
0.072
0.061
0.06204
0.05858
0.06197
0.05998
0.06
0.05695
0.0537
0.053
0.0534
0.05591
0.05699
0.06244
0.0666
0.06678
0.06664
0.06495
0.06101
0.05936
0.06172
0.0802
0.1
0.07748
0.06506
0.063
0.06255
0.05779
0.065
0.07
0.065
0.05747
0.05597
0.0543
0.04995
0.04829
0.04942
0.05386
0.065
0.0635
0.0609
0.07
0.065
0.0611
0.0561
0.073
0.098
0.0739
0.07294
0.0613
0.061
0.05301
0.0536
0.05397
0.05408
0.05301
0.051
0.05
0.06252
0.07036
0.06837
0.076
0.07993
0.07994
0.07928
0.08428
0.08187
0.08209
0.09057
0.1287
0.175
0.12967
0.0832
0.06531
0.06595
0.0591
0.05542
0.05291
0.05157
0.0505
0.04898
0.0505
0.0618
0.07432
0.0731
0.07664
0.075
0.06386
0.06196
0.0585
0.05564
0.05609
0.05802
0.08447
0.08001
0.07164
0.06406
0.06084
0.05794
0.05222
0.06101
0.06495
0.058
0.045
0.04256
0.04458
0.04993
0.06172
0.06355
0.0597
0.0614
0.059
0.058
0.05771
0.05765
0.0599
0.06085
0.0719
0.0802
0.06579
0.06172
0.0601
0.05746
0.05264
0.05094
0.04993
0.04794
0.04642
0.04165
0.04491
0.05352
0.06205
0.06243
0.065
0.0665
0.0613
0.05818
0.05785
0.0562
0.05573
0.0608
0.075
0.07875
0.06557
0.06263
0.05891
0.05705
0.05299
0.04962
0.04644
0.04433
0.03584
0.03457
0.03994
0.04797
0.06086
0.05932
0.06075
0.0621
0.05908
0.0584
0.05844
0.05675
0.05645
0.06124
0.069
0.08499
0.074
0.064
0.05775
0.05795
0.05819
0.05324
0.05493
0.05455
0.05296
0.05195
0.05134
0.05192
0.056
0.05468
0.05837
0.06251
0.06772
0.06492
0.0659
0.058
0.05591
0.0563
0.07841
0.08699
0.07845
0.06199
0.05958
0.05926
0.05479
0.06796
0.06593
0.06393
0.05793
0.05386
0.04892
0.0467
0.044
0.04997
0.0505
0.0648
0.064
0.06126
0.0609
0.05486
0.05417
0.0548
0.0776
0.084
0.07699
0.07399
0.0606
0.05478
0.04824
0.05279
0.055
0.05396
0.05025
0.04792
0.05
0.05391
0.0667
0.05687
0.05693
0.0617
0.05696
0.061
0.06995
0.06737
0.0633
0.06111
0.08169
0.08899
0.08092
0.076
0.0598
0.06196
0.05595
0.05492
0.0571
0.05733
0.05408
0.05373
0.054
0.05598
0.06324
0.06803
0.072
0.073
0.067
0.06166
0.0651
0.06777
0.07024
0.07899
0.12737
0.14
0.0918
0.0786
0.0647
0.06109
0.05437
0.05788
0.05788
0.05698
0.0525
0.05141
0.05107
0.05206
0.05834
0.06198
0.06217
0.06262
0.06274
0.06116
0.06182
0.06266
0.06317
0.0616
0.0816
0.08496
0.073
0.0742
0.0619
0.0615
0.0564
0.06001
0.06001
0.06
0.05457
0.0505
0.04994
0.04964
0.05842
0.0617
0.0615
0.06138
0.06118
0.0603
0.0595
0.05858
0.0555
0.05795
0.0727
0.07795
0.0779
0.0731
0.06101
0.05902
0.05092
0.05806
0.05806
0.054
0.03999
0.02999
0.03126
0.04396
0.05757
0.06
0.06562
0.068
0.057
0.05554
0.05373
0.05373
0.05536
0.0545
0.075
0.07749
0.0622
0.0647
0.05858
0.0566
0.04814
0.05201
0.04583
0.036
0.02692
0.01073
0.00909
0.01999
0.03273
0.04799
0.05396
0.059
0.05689
0.057
0.06276
0.0588
0.068
0.057
0.07356
0.084
0.07292
0.06598
0.05609
0.056
0.0512
0.0593
0.05763
0.04791
0.04486
0.03495
0.02886
0.03851
0.045
0.04299
0.05854
0.0553
0.05709
0.0553
0.05846
0.05921
0.05567
0.04999
0.073
0.08537
0.07792
0.06894
0.06384
0.05702
0.051
0.0511
0.04997
0.0509
0.0468
0.04505
0.04804
0.0547
0.06167
0.06109
0.06546
0.0675
0.059
0.058
0.05875
0.05875
0.062
0.06989
0.1
0.125
0.0982
0.074
0.0611
0.05703
0.0575
0.05799
0.05598
0.05538
0.05197
0.05059
0.04987
0.05493
0.06241
0.06498
0.06959
0.06594
0.0617
0.05932
0.05973
0.0605
0.0621
0.06466
0.079
0.082
0.06995
0.06291
0.0615
0.05838
0.05246
0.053
0.0526
0.05186
0.0506
0.04849
0.04862
0.05992
0.0744
0.071
0.07845
0.076
0.07091
0.06643
0.066
0.05815
0.0555
0.06299
0.0786
0.073
0.06747
0.0632
0.06102
0.05857
0.05291
0.05837
0.05409
0.0521
0.04612
0.04502
0.04737
0.05773
0.068
0.05999
0.062
0.06192
0.059
0.05976
0.06362
0.065
0.06909
0.072
0.082
0.0819
0.07508
0.06792
0.06337
0.06201
0.0587
0.05598
0.05391
0.05391
0.0526
0.05251
0.0525
0.06103
0.0669
0.068
0.07751
0.07387
0.0735
0.069
0.064
0.068
0.06944
0.07447
0.08539
0.07899
0.07007
0.06716
0.06256
0.06064
0.0601
0.072
0.06214
0.061
0.04907
0.04792
0.04698
0.04755
0.0525
0.05937
0.06283
0.06475
0.06376
0.063
0.065
0.065
0.06503
0.05853
0.0777
0.08969
0.07714
0.06292
0.06151
0.05902
0.05457
0.0507
0.0499
0.051
0.04635
0.04614
0.046
0.0499
0.06052
0.0474
0.05495
0.06775
0.06972
0.06999
0.07382
0.0693
0.06706
0.06491
0.085
0.095
0.0806
0.07184
0.06476
0.06631
0.0571
0.0563
0.065
0.06301
0.0545
0.05305
0.05256
0.06027
0.07174
0.07689
0.07728
0.07532
0.07238
0.06927
0.06926
0.06879
0.06874
0.06929
0.07222
0.07207
0.06925
0.071
0.0632
0.061
0.05399
0.0516
0.05033
0.04791
0.04536
0.04511
0.04683
0.05414
0.06408
0.06556
0.06632
0.06414
0.06313
0.06087
0.06159
0.06193
0.06146
0.06199
0.0771
0.08504
0.07799
0.0779
0.06707
0.06552
0.05726
0.06
0.06367
0.05705
0.05401
0.05329
0.05291
0.05304
0.06104
0.0663
0.07406
0.07
0.06426
0.06369
0.06434
0.06422
0.06355
0.06429
0.07899
0.0829
0.0702
0.06799
0.0652
0.05999
0.053
0.0601
0.0593
0.058
0.054
0.05302
0.05296
0.05377
0.06147
0.064
0.07501
0.0698
0.06197
0.06009
0.0607
0.05952
0.05987
0.06599
0.082
0.08811
0.082
0.06943
0.06597
0.064
0.055
0.0599
0.06147
0.06147
0.058
0.05579
0.0545
0.05999
0.0662
0.0699
0.0791
0.08049
0.07739
0.06497
0.05609
0.0541
0.0542
0.0578
0.08
0.08502
0.07494
0.06988
0.06493
0.06068
0.06051
0.065
0.065
0.0638
0.0599
0.055
0.0489
0.04594
0.05493
0.05693
0.06253
0.06499
0.06495
0.0618
0.062
0.065
0.062
0.05998
0.07703
0.0917
0.08749
0.073
0.06399
0.065
0.065
0.05995
0.06098
0.06584
0.0595
0.056
0.0552
0.05795
0.05897
0.05355
0.0642
0.06582
0.06579
0.06511
0.07244
0.0708
0.063
0.0684
0.09899
0.108
0.086
0.078
0.068
0.0695
0.06409
0.06201
0.065
0.065
0.05897
0.05459
0.05393
0.056
0.0658
0.0593
0.0674
0.069
0.072
0.061
0.06393
0.0586
0.0578
0.06795
0.086
0.099
0.08
0.084
0.07397
0.06409
0.06331
0.075
0.0687
0.06698
0.05644
0.05492
0.05403
0.05401
0.0557
0.0545
0.0602
0.07088
0.068
0.06992
0.084
0.08754
0.072
0.0629
0.0712
0.06695
0.067
0.07003
0.0674
0.06
0.0549
0.06564
0.062
0.06493
0.05402
0.0515
0.05038
0.05401
0.0543
0.05052
0.05453
0.0615
0.06475
0.06572
0.06919
0.072
0.069
0.055
0.084
0.0902
0.07706
0.071
0.071
0.06338
0.05452
0.06364
0.0646
0.05895
0.05745
0.05499
0.05492
0.05742
0.0692
0.06017
0.06486
0.07331
0.072
0.0719
0.074
0.07432
0.0645
0.06411
0.0841
0.0949
0.08422
0.07899
0.0768
0.07007
0.06485
0.067
0.06499
0.06
0.05543
0.05308
0.05233
0.05253
0.058
0.059
0.06281
0.06505
0.0653
0.067
0.065
0.066
0.07
0.065
0.08
0.0957
0.08672
0.0767
0.0664
0.0646
0.05396
0.07004
0.0641
0.0643
0.05492
0.04691
0.04373
0.04448
0.04634
0.0462
0.05489
0.05745
0.06002
0.06002
0.065
0.06452
0.0731
0.052
0.072
0.08292
0.084
0.07899
0.06989
0.065
0.062
0.0587
0.0607
0.0652
0.05493
0.053
0.05223
0.05197
0.05123
0.05027
0.05402
0.05904
0.06466
0.06391
0.064
0.0574
0.06096
0.0538
0.078
0.092
0.078
0.07
0.0592
0.05167
0.05072
0.05223
0.057
0.05592
0.05106
0.0491
0.0487
0.0488
0.051
0.053
0.05674
0.05818
0.05996
0.06038
0.06
0.0569
0.054
0.05877
0.079
0.09
0.07697
0.0538
0.0518
0.04732
0.04081