48.2
62.8
65.6
73.4
53
45
35.8
45.6
57.000297609
53.0002767241
48.0002506181
49.0002558393
51.0002662817
52.0002715029
54.0002819453
56.0002923878
57.000297609
59.0003080514
60.0003132726
62.000323715
63.0003289362
63.0003289362
63.0003289362
63.0003289362
63.0003289362
63.0003289362
63.0003289362
63.0003289362
63.0003289362
63.0003289362
63.0003289362
63.0003289362
63.0003289362
63.0003289362
63.0003289362
63.0003289362
63.0003289362
63.0003289362
63.0003289362
63.0003289362
63.0003289362
63.0003289362
63.0003289362
63.0003289362
63.0003289362
63.0003289362
63.0003289362
63.0003289362
63.0003289362
63.0003289362
63.0003289362
