0.8
0.8
0.7
0.6
0.8
0.8
0.8
0.6
0.6442151901
0.6044927785
0.5789321529
0.5379726198
0.5102774774
0.4829537011
0.4721626581
0.4598055968
0.4460583974
0.4310205684
0.4151702874
0.3992877439
0.3838497352
0.3690524099
0.3551822632
0.3425539348
0.3313863817
0.3219172843
0.3219172843
0.3219172843
0.3219172843
0.3219172843
0.3219172843
0.3219172843
0.3219172843
0.3219172843
0.3219172843
0.3219172843
0.3219172843
0.3219172843
0.3219172843
0.3219172843
0.3219172843
0.3219172843
0.3219172843
0.3219172843
0.3219172843
0.3219172843
0.3219172843
0.3219172843
0.3219172843
0.3219172843
0.3219172843
