0.185614382
0.2008812684
0.2032623783
0.2019911937
0.1965316333
0.197201308
0.1976068635
0.2049589947
0.2010674294
0.1978698735
0.1997126739
0.1939193365
0.199467539
0.2037699195
0.2047005424
0.2044674591
0.206151247
0.2005402972
0.2005402972
0.2005402972
0.2005402972
0.2005402972
0.2005402972
0.2005402972
0.2005402972
0.2005402972
0.2005402972
0.2005402972
0.2005402972
0.2005402972
0.2005402972
0.2005402972
0.2005402972
0.2005402972
0.2005402972
0.2005402972
0.2005402972
0.2005402972
0.2005402972
0.2005402972
0.2005402972
0.2005402972
0.2005402972
