0
0
0
0
0
0
0
0
356
512
532
386
545
672
359
469
829
1066
425
288
324
345
188
0
0
0
0
0
0
0
76
307
389
441
611
296
306
218
294
406
520
1198
629
280
339
382
316
0
0
0
0
0
0
0
81
264
332
280
179
246
211
159
314
325
429
1174
683
518
335
367
295
0
0
0
0
0
0
0
117
293
363
411
258
181
142
143
187
365
516
771
437
402
427
416
306
0
0
0
0
0
0
0
104
363
424
353
373
395
315
338
223
243
546
1160
1153
573
463
361
292
1
0
7
0
0
0
0
0
125
292
306
385
349
340
366
419
324
650
1351
948
319
460
387
308
0
0
0
0
0
0
0
0
0
252
288
315
302
326
328
380
383
616
1216
761
405
450
318
279
0
0
0
0
0
0
0
128
523
414
657
509
505
865
748
387
677
571
796
499
401
333
380
223
0
0
0
0
0
0
0
126
329
328
318
374
315
300
297
360
351
506
712
317
411
349
469
317
0
0
0
0
0
0
0
107
579
334
276
292
301
464
346
422
367
739
1187
879
508
432
329
308
0
0
0
0
0
0
0
120
367
419
415
340
445
352
406
363
528
939
1345
1244
960
416
239
348
21
0
0
0
0
0
0
112
342
407
564
451
411
367
306
336
312
478
1125
464
458
405
311
254
23
0
0
0
0
0
0
0
242
317
375
343
481
375
323
330
308
359
1749
998
396
306
361
263
16
0
0
0
0
0
0
0
0
0
150
303
248
365
346
354
306
492
847
478
312
350
324
294
0
0
0
0
0
0
0
243
926
623
536
497
348
313
333
326
337
372
627
432
715
615
410
300
0
0
0
0
0
0
0
95
488
427
313
351
340
383
460
448
514
474
810
607
643
345
372
347
0
0
0
0
0
0
0
0
661
327
395
389
311
288
314
368
337
683
767
642
709
493
527
335
0
0
0
0
0
0
0
94
696
486
460
405
380
696
316
388
325
606
1303
958
766
374
331
92
0
0
0
0
0
0
0
106
373
519
359
345
344
360
379
352
344
642
1087
531
440
449
627
403
0
0
0
0
0
0
0
0
348
356
796
660
618
526
340
414
132
348
1640
1396
381
325
499
253
0
0
0
0
0
0
0
0
0
126
252
332
605
573
296
273
138
347
1005
586
381
293
309
114
0
0
0
0
0
0
0
100
472
336
315
280
314
291
166
203
291
401
964
951
744
413
328
311
29
0
0
0
0
0
0
103
526
304
407
127
75
230
171
501
350
483
1248
564
676
714
440
388
55
0
0
0
0
0
0
111
508
490
558
713
471
581
434
308
481
660
1565
1236
991
869
655
430
0
0
0
0
0
0
0
181
441
355
427
287
507
577
622
525
520
864
1514
1357
493
358
426
218
0
0
0
0
0
0
0
112
456
427
774
285
290
268
236
195
204
829
1611
731
655
378
328
287
10
0
0
0
0
0
0
0
12
329
347
362
384
456
308
298
209
256
520
513
500
407
330
273
0
0
0
0
0
0
0
0
0
310
451
510
551
557
523
357
448
499
1795
1355
618
427
457
323
0
0
0
0
0
0
0
103
905
686
436
316
311
416
311
434
396
697
1278
1128
874
557
906
376
0
0
0
0
0
0
0
120
725
726
578
397
289
319
296
501
370
350
1095
740
368
256
303
234
2
0
0
0
0
0
0
131
508
422
1021
756
642
569
467
510
361
480
1898
910
603
456
615
295
21
0
0
0
0
0
0
50
478
613
421
318
343
446
359
372
360
297
1397
871
574
416
321
330
0
0
0
0
0
0
0
125
755
618
623
528
320
362
386
380
292
484
1602
1664
788
472
416
341
0
0
0
0
0
0
0
0
95
224
518
307
443
428
359
333
242
233
1416
1337
470
442
376
99
0
0
0
0
0
0
0
0
0
185
357
438
383
607
689
473
324
319
1594
1196
560
615
467
166
0
0
0
0
0
0
0
147
563
502
434
335
345
340
408
418
398
369
879
732
672
370
353
281
0
0
0
0
0
0
0
99
417
327
481
383
297
330
346
423
359
417
791
543
726
513
365
244
0
0
0
0
0
0
0
159
628
606
560
307
285
383
439
457
485
502
778
820
377
444
341
294
0
0
0
0
0
0
0
203
313
296
327
348
302
356
356
312
311
452
589
313
308
375
402
334
0
0
0
0
0
0
0
105
556
372
332
414
305
294
312
301
423
346
1063
1077
533
568
362
310
6
0
0
0
0
0
0
0
45
227
555
617
612
459
316
466
365
335
1557
1223
890
714
487
293
0
0
0
0
0
0
0
0
0
252
317
343
339
376
146
227
276
318
1015
824
430
389
378
392
0
0
0
0
0
0
0
95
350
371
384
365
411
459
601
338
424
310
1073
945
592
311
337
359
0
0
0
0
0
0
0
42
670
1177
1238
445
491
668
295
345
427
594
813
1420
1096
662
420
277
15
0
0
0
0
0
0
0
49
343
459
315
336
674
593
570
396
350
984
1171
366
388
371
305
0
0
0
0
0
0
0
0
179
304
285
297
302
298
272
327
386
335
688
994
450
576
431
288
0
0
0
0
0
0
0
447
507
471
609
371
290
303
402
535
323
321
610
668
273
474
416
360
0
0
0
0
0
0
0
57
361
662
855
768
377
364
174
171
200
455
944
1771
805
392
352
315
0
0
0
0
0
0
0
0
0
166
405
243
174
206
184
188
157
303
862
1215
322
360
394
298
0
0
0
0
0
0
0
101
375
361
369
340
345
252
297
337
379
336
956
1511
669
468
375
389
0
0
0
0
0
0
0
111
290
369
443
634
640
452
332
367
589
441
553
890
827
455
376
341
0
0
0
0
0
0
0
350
713
638
656
352
344
472
340
430
360
474
1633
2049
1075
432
321
278
0
0
0
0
0
0
0
82
346
320
340
307
330
334
319
298
334
373
954
1628
974
381
327
242
0
0
0
0
0
0
0
100
586
1056
871
349
360
347
200
166
294
302
971
1130
472
332
327
260
0
0
0
0
0
0
0
0
296
295
283
299
288
214
377
383
231
385
1149
1842
925
352
319
316
0
0
0
0
0
0
0
0
0
188
316
346
369
384
134
139
234
335
424
1648
523
377
299
281
0
0
0
0
0
0
0
188
510
314
321
346
420
439
521
555
407
389
366
626
1148
716
376
203
0
0
0
0
0
0
0
109
518
422
575
359
423
320
283
333
274
432
313
1192
536
456
441
243
17
30
0
0
0
0
0
185
678
1244
1198
556
528
548
322
257
399
333
669
1204
455
394
304
47
0
0
0
0
0
0
0
96
863
1378
1559
1273
723
821
544
448
514
549
933
1357
763
865
506
55
0
0
0
0
0
0
0
100
425
532
946
842
871
905
608
451
379
497
1195
1540
893
680
664
2
0
0
0
0
0
0
0
0
118
374
458
410
386
439
477
437
384
450
561
1380
816
561
100
104
0
0
0
0
0
0
0
0
0
36
321
336
374
358
292
297
333
335
1070
1621
1323
655
174
0
0
0
0
0
0
0
0
101
387
544
389
339
363
541
397
376
359
287
353
561
278
413
443
307
0
0
0
0
0
0
0
95
454
471
447
418
620
819
701
491
433
375
925
1521
1314
677
483
394
105
0
0
0
0
0
0
200
652
517
442
284
371
357
290
289
290
335
613
1273
759
391
380
255
0
0
0
0
0
0
0
189
643
331
510
338
372
325
317
342
334
390
427
1561
926
419
312
132
0
0
0
0
0
0
0
169
577
418
602
521
355
369
241
379
436
483
866
1270
938
285
289
282
0
0
0
0
0
0
0
0
205
261
611
675
476
361
323
327
304
338
505
1172
1228
619
335
263
0
0
0
0
0
0
0
0
0
166
253
296
339
436
351
208
351
302
890
1619
1467
579
458
337
0
0
0
0
0
0
0
106
412
402
460
363
508
437
382
339
268
312
1018
1118
1216
777
498
293
0
0
0
0
0
0
0
141
484
418
454
337
360
311
236
171
260
325
762
1697
1453
426
339
267
0
0
0
0
0
0
0
102
323
299
301
272
395
364
385
407
324
314
352
433
394
446
407
259
0
0
0
0
0
0
0
129
471
401
431
350
444
586
509
420
484
504
584
1132
813
629
570
416
11
0
0
0
0
0
0
84
409
537
544
537
592
540
656
591
827
1100
1118
1561
902
376
363
332
16
0
0
0
0
0
0
0
431
372
500
559
347
292
308
313
303
301
637
1026
606
387
377
269
11
224
0
0
0
0
0
0
0
303
327
531
627
369
511
304
293
291
491
984
986
423
283
302
0
0
0
0
0
0
0
104
296
329
472
364
310
294
357
384
344
315
311
1046
789
555
600
306
42
0
0
0
0
0
0
168
550
381
372
400
392
376
288
212
229
302
306
980
633
424
397
284
17
0
0
0
0
0
0
300
454
462
332
310
316
164
140
156
249
322
337
496
329
298
363
344
97
0
0
0
0
0
0
79
536
408
407
427
384
412
357
280
305
335
487
1138
364
322
473
341
0
0
0
0
0
0
0
82
356
358
376
305
316
379
531
717
682
927
750
971
1391
984
362
309
0
0
0
0
0
0
0
0
277
349
339
312
353
341
331
299
347
298
592
1709
1276
415
303
230
0
0
0
0
0
0
0
0
277
361
371
360
308
327
231
188
147
334
593
1312
1528
492
246
0
0
0
0
0
0
0
124
1054
888
348
306
312
484
498
384
388
395
337
1185
734
478
433
276
0
0
0
0
0
0
0
138
938
1062
468
566
330
304
311
338
346
459
482
725
865
1222
499
409
0
0
0
0
0
0
0
119
774
907
803
750
519
337
307
287
300
311
366
641
1019
1371
536
331
0
0
0
0
0
0
0
103
1135
1441
1404
440
413
551
418
468
348
346
276
356
258
353
408
342
0
0
0
0
0
0
0
116
399
763
478
648
440
682
496
517
338
396
393
852
550
527
266
77
0
0
0
0
0
0
0
0
344
468
630
623
443
385
321
490
321
362
618
825
1082
1141
603
363
0
0
0
0
0
0
0
0
0
143
412
526
559
697
431
319
204
236
701
430
348
338
510
334
0
0
0
0
0
0
0
0
0
282
342
437
598
501
501
469
367
525
374
303
408
611
356
299
0
0
0
0
0
0
0
84
410
573
485
328
405
239
163
177
199
298
380
446
664
1005
388
310
25
0
0
0
0
0
0
124
318
380
616
407
329
390
156
171
232
310
378
387
407
557
341
309
0
0
0
0
0
0
0
108
297
522
330
307
296
288
130
54
78
366
393
615
923
1045
355
268
11
0
0
0
0
0
0
0
372
766
638
375
362
305
114
30
57
250
329
331
512
907
503
325
0
0
0
0
0
0
0
0
156
454
558
574
304
335
319
272
283
371
483
376
817
687
452
374
0
0
0
0
0
0
0
0
0
409
469
377
621
471
313
238
340
435
550
794
916
1266
517
334
0
0
0
0
0
0
0
125
583
1017
1180
964
642
634
509
839
469
629
799
356
355
314
398
299
0
0
0
0
0
0
0
0
374
770
1114
804
690
580
350
354
329
366
340
501
386
1010
589
339
0
0
0
0
0
0
0
107
598
1108
1016
664
716
602
434
398
355
494
1276
1145
714
619
353
0
0
0
0
0
0
0
0
24
535
540
732
668
442
345
394
394
377
431
444
499
356
805
331
304
0
0
0
0
0
0
0
9
601
840
1304
1319
1251
570
524
423
347
399
729
910
491
387
315
315
0
0
0
0
0
0
0
0
159
372
386
333
304
331
161
183
307
339
355
561
283
586
315
270
15
0
0
0
0
0
0
0
0
303
401
419
316
364
303
381
427
588
665
612
1072
927
462
315
0
0
0
0
0
0
0
159
935
901
341
415
369
341
205
154
255
314
299
358
475
400
303
262
16
0
0
0
0
0
0
102
454
416
490
423
483
328
400
452
390
383
482
367
401
322
411
318
0
0
0
0
0
0
0
265
1140
1047
813
560
537
568
416
377
325
410
408
451
768
1032
648
284
0
0
0
0
0
0
0
111
669
717
551
395
411
367
316
365
381
376
524
917
1161
1640
1069
486
0
0
0
0
0
0
0
109
559
706
347
309
351
316
338
338
312
386
328
402
478
822
746
315
77
0
0
0
0
0
0
0
272
418
373
327
296
366
287
247
279
168
300
422
683
554
333
248
0
0
0
0
0
0
0
0
0
397
386
320
306
370
279
446
433
303
271
454
949
1148
586
320
80
0
0
0
0
0
0
100
466
600
597
395
300
339
387
338
255
361
396
472
855
884
448
243
0
0
0
0
0
0
0
41
522
544
431
285
333
587
525
703
689
895
1374
1383
370
336
299
312
0
0
0
0
0
0
0
142
381
308
355
352
340
336
393
224
199
312
358
465
333
719
497
408
3
0
0
0
0
0
0
129
442
324
402
398
491
341
259
275
308
264
378
329
412
631
716
570
0
0
0
0
0
0
0
132
520
593
1082
772
525
301
362
295
321
341
344
729
538
382
371
277
0
0
0
0
0
0
0
0
316
380
494
742
579
668
438
308
296
293
772
1047
468
356
393
308
0
0
0
0
0
0
0
0
0
272
430
490
472
516
509
381
334
408
948
920
647
550
561
262
0
0
0
0
0
0
0
106
488
608
679
311
268
330
339
299
329
291
628
629
428
689
646
356
42
0
0
0
0
0
0
133
815
994
364
276
401
389
284
154
242
272
291
343
301
330
338
62
0
0
0
0
0
0
0
147
575
352
539
351
325
343
240
187
316
292
362
462
547
720
798
41
0
0
0
0
0
0
0
98
900
646
484
318
275
228
238
227
370
436
352
530
591
422
438
109
0
0
0
0
0
0
0
77
421
317
398
477
409
307
310
331
272
309
336
455
508
327
657
335
9
0
0
0
0
0
0
0
90
298
294
380
468
342
211
93
239
209
407
621
461
640
847
393
52
50
0
0
0
0
0
0
0
314
458
330
362
350
188
84
22
77
158
288
471
498
973
448
24
7
0
0
0
0
0
0
0
296
377
326
325
307
158
22
128
301
463
393
620
467
866
274
0
0
0
0
0
0
0
100
285
303
339
341
321
336
380
361
312
363
393
353
396
344
562
291
0
0
0
0
0
0
0
99
298
417
304
403
337
354
315
343
303
446
320
384
559
703
726
267
0
0
0
0
0
0
0
109
405
481
439
99
213
294
328
319
319
313
425
511
506
497
596
334
0
0
0
0
0
0
0
32
458
354
427
184
247
217
28
60
44
176
356
650
832
664
590
510
0
0
0
0
0
0
0
0
424
574
515
460
411
297
343
318
347
339
528
640
612
500
436
277
0
0
0
0
0
0
0
0
0
237
307
350
308
327
150
0
2
270
350
383
487
395
563
329
58
0
0
0
0
0
0
105
349
293
303
328
341
374
391
289
295
302
304
419
437
475
837
299
0
0
0
0
0
0
0
91
586
686
391
343
159
155
156
212
380
365
514
348
303
278
304
262
0
0
0
0
0
0
0
97
344
378
333
383
349
374
255
236
328
320
472
412
388
372
548
314
0
0
0
0
0
0
0
195
617
394
367
333
347
364
317
321
301
314
311
390
321
417
489
391
0
0
0
0
0
0
0
94
409
330
330
358
305
345
169
169
155
352
345
443
473
345
415
265
0
0
0
0
0
0
0
0
252
377
723
410
396
452
329
159
202
214
261
352
459
393
509
263
0
0
0
0
0
0
0
0
0
188
226
262
323
403
288
308
318
424
815
511
500
444
500
519
0
0
0
0
0
0
0
138
392
363
382
366
355
382
301
239
176
378
441
356
313
434
345
335
0
0
0
0
0
0
0
110
475
348
258
172
177
228
194
197
210
215
335
368
430
388
319
287
0
0
0
0
0
0
0
137
420
736
596
422
363
323
303
263
183
283
357
402
382
374
388
268
0
0
0
0
0
0
0
231
476
431
615
334
291
343
358
329
442
414
732
404
416
338
320
442
0
0
0
0
0
0
0
103
507
576
576
474
320
331
221
51
254
279
345
327
339
349
318
262
0
0
0
0
0
0
0
0
285
330
369
349
366
292
91
112
150
206
344
431
432
376
389
299
56
0
0
0
0
0
0
0
0
339
790
589
410
376
332
318
304
149
156
433
323
625
758
507
0
0
0
0
0
0
0
0
89
280
370
364
369
312
317
327
369
334
478
674
637
463
402
323
0
0
0
0
0
0
0
102
348
507
471
364
335
399
422
413
333
429
448
380
290
321
323
299
0
0
0
0
0
0
0
104
406
439
570
716
642
695
475
373
324
487
719
681
345
390
361
341
0
0
0
0
0
0
0
99
346
584
611
480
449
316
324
369
331
400
542
488
456
394
496
420
0
0
0
0
0
0
0
85
397
454
461
610
427
482
373
284
155
261
341
398
433
359
431
280
0
0
0
0
0
0
0
0
103
362
326
341
315
285
148
139
154
240
430
775
987
576
361
332
26
0
0
0
0
0
0
0
0
252
325
395
420
423
340
326
409
297
572
648
722
705
470
353
0
0
0
0
0
0
0
258
647
481
376
583
462
442
480
360
349
450
971
842
387
232
312
267
0
0
0
0
0
0
0
135
555
444
382
337
300
294
304
297
345
346
312
482
335
380
426
416
0
0
0
0
0
0
0
105
385
308
382
380
366
370
362
336
373
367
494
584
634
355
618
411
0
0
0
0
0
0
0
153
534
443
313
319
325
687
560
384
354
620
653
513
557
417
370
270
10
0
0
0
0
0
0
145
606
387
752
615
633
379
472
394
487
531
313
355
361
336
329
312
0
0
0
0
0
0
0
0
236
505
538
441
297
288
150
155
213
214
348
682
616
450
322
307
0
0
0
0
0
0
0
0
0
183
366
460
351
381
268
0
0
260
347
390
682
499
410
328
0
0
0
0
0
0
0
115
373
341
345
360
381
394
336
322
330
307
364
302
374
382
387
383
0
0
0
0
0
0
0
104
399
343
526
439
393
386
382
330
398
441
770
600
428
355
344
312
0
0
0
0
0
0
0
290
356
332
448
401
429
426
399
694
597
770
628
596
701
405
343
261
0
0
0
0
0
0
0
8
352
426
366
372
296
330
412
367
331
428
520
578
722
963
704
745
153
0
0
0
0
0
0
86
384
382
248
335
460
365
371
429
484
469
660
848
548
435
438
298
125
0
0
0
0
0
0
0
270
293
335
359
311
363
258
265
323
307
317
328
390
386
489
482
0
0
0
0
0
0
0
0
0
494
541
675
716
655
572
319
324
336
315
390
630
504
328
186
0
0
0
0
0
0
0
95
475
424
404
356
383
361
328
337
418
387
487
369
453
322
359
296
41
0
0
0
0
0
0
253
399
458
732
599
606
462
570
402
779
1050
1522
1106
544
295
323
263
0
0
0
0
0
0
0
101
352
315
431
339
329
353
340
316
386
461
522
402
410
476
494
445
9
0
0
0
0
0
0
0
86
15
96
70
98
108
142
117
221
251
377
344
401
364
368
244
0
0
0
0
0
0
0
279
429
403
613
303
389
401
231
240
419
413
521
660
1014
484
472
525
0
0
0
0
0
0
0
0
318
408
717
515
341
384
381
266
420
419
385
953
449
477
471
503
53
0
0
0
0
0
0
0
0
250
339
476
397
431
286
301
381
348
392
553
1356
1131
815
487
0
0
0
0
0
0
0
12
425
392
438
397
329
319
380
305
383
486
817
1254
1310
655
397
377
28
0
0
0
0
0
0
16
379
362
423
348
426
327
160
384
360
397
1364
1173
678
522
391
322
97
0
0
0
0
0
0
63
479
454
333
312
362
304
297
329
311
331
757
759
350
348
387
382
0
0
0
0
0
0
0
125
420
367
525
322
334
325
421
356
362
415
469
573
554
388
468
318
0
0
0
0
0
0
0
114
520
531
439
377
369
325
222
224
311
297
373
350
419
307
331
351
27
0
0
0
0
0
0
0
302
426
555
634
313
374
334
305
337
383
437
559
591
341
500
406
108
0
0
0
0
0
0
0
0
169
306
312
294
229
142
150
175
155
228
390
723
631
619
530
0
0
0
0
0
0
0
86
266
541
290
354
440
295
216
165
243
209
425
390
237
259
209
188
0
0
0
0
0
0
0
0
310
351
256
246
192
155
274
359
465
343
280
517
258
179
357
473
0
0
0
0
0
0
0
63
252
221
314
304
160
269
317
203
235
567
1075
1072
401
266
259
171
24
0
0
0
0
0
0
57
225
355
457
535
555
510
364
162
169
387
709
545
402
259
243
275
47
0
0
0
0
0
0
0
513
522
348
286
294
215
393
395
326
302
890
1035
523
226
306
255
0
0
0
0
0
0
0
0
144
292
495
190
186
118
99
109
235
185
612
796
578
465
708
483
0
0
0
0
0
0
0
0
0
125
144
135
136
142
143
31
16
19
192
317
482
434
175
182
54
0
0
0
0
0
0
54
307
306
569
499
372
350
318
212
151
219
242
140
277
266
267
152
0
0
0
0
0
0
0
67
274
541
529
228
203
148
167
183
166
232
628
610
711
263
287
260
32
0
0
0
0
0
0
0
512
546
390
237
236
185
188
149
185
256
926
802
370
273
564
263
14
0
0
0
0
0
0
63
276
661
670
461
261
363
240
224
229
509
638
793
512
245
204
151
31
0
0
0
0
0
0
4
294
791
955
531
391
372
163
8
222
583
1229
1045
393
346
306
130
26
0
0
0
0
0
0
0
30
478
732
196
113
33
0
0
0
30
176
226
313
147
230
172
0
0
0
0
0
0
0
0
0
85
152
210
197
155
133
52
0
103
349
250
242
179
350
187
3
0
0
0
0
0
0
190
235
673
993
335
420
499
517
377
341
879
1529
1464
1070
847
236
117
15
0
0
0
0
0
0
10
153
209
635
850
913
944
197
145
250
348
587
644
536
174
205
128
0
0
0
0
0
0
0
81
173
143
233
168
364
362
151
170
227
509
1178
1094
752
201
190
140
13
0
0
0
0
0
0
73
209
624
791
215
146
246
148
158
167
176
393
327
367
163
319
219
0
0
0
0
0
0
0
50
198
232
304
153
308
362
463
514
187
338
507
282
176
201
134
155
23
0
0
0
0
0
0
0
0
193
671
851
163
179
180
193
173
153
198
428
333
181
204
180
0
0
0
0
0
0
0
0
0
70
254
185
155
148
160
89
96
196
237
249
615
935
849
243
4
0
0
0
0
0
0
78
212
269
359
192
359
369
197
209
211
413
995
731
385
215
263
344
0
0
0
0
0
0
0
55
278
461
361
257
229
253
187
207
208
187
435
456
184
212
313
172
10
0
0
0
0
0
0
63
202
195
289
155
151
194
155
181
189
250
836
1169
784
273
196
189
0
0
0
0
0
0
0
190
303
445
582
269
326
343
346
425
533
337
404
315
229
263
438
257
0
0
0
0
0
0
0
0
217
717
399
633
312
195
153
263
241
435
579
214
363
320
228
61
15
0
0
0
0
0
0
0
0
0
102
0
0
0
0
288
85
606
1053
1014
1174
902
1291
815
227
0
0
0
0
0
0
0
40
355
156
364
420
479
252
155
170
268
913
1041
952
751
821
330
0
0
0
0
0
0
0
0
252
414
317
251
211
196
151
10
224
223
687
1011
378
192
190
163
0
0
0
0
0
0
0
48
370
746
217
47
31
23
139
116
65
70
188
377
372
233
328
211
0
0
0
0
0
0
0
1
703
425
406
530
400
410
164
211
281
223
328
280
210
242
257
194
27
0
0
0
0
0
0
65
214
234
254
214
146
170
171
178
302
359
847
932
569
524
421
244
13
0
0
0
0
0
0
341
450
858
627
618
440
340
226
355
323
304
448
454
378
287
287
170
0
0
0
0
0
0
0
0
137
386
514
398
148
147
0
0
0
76
241
259
307
553
743
270
0
0
0
0
0
0
0
0
0
126
204
156
327
256
319
166
166
147
151
649
1024
622
562
133
0
0
0
0
0
0
0
17
148
352
145
146
161
159
179
214
197
372
698
1415
640
422
519
355
57
0
0
0
0
0
0
158
593
547
301
262
342
420
610
688
150
249
561
1012
330
174
254
146
0
0
0
0
0
0
0
0
225
366
269
157
84
0
2
143
191
139
177
207
248
154
330
294
91
0
0
0
0
0
0
79
193
630
653
383
242
401
401
430
156
181
175
296
374
261
323
210
17
0
0
0
0
0
0
102
212
330
651
568
574
636
526
337
77
42
161
244
276
499
738
153
30
0
0
0
0
0
0
0
0
74
186
145
174
157
123
164
173
160
183
213
183
191
162
152
0
0
0
0
0
0
0
0
0
25
167
199
134
367
131
160
327
399
1325
1450
1202
1188
860
267
78
0
0
0
0
0
0
111
390
498
1016
1010
710
507
223
171
315
288
917
807
430
382
263
199
3
0
0
0
0
0
0
83
312
928
893
609
215
94
0
0
2
151
184
154
255
253
135
112
0
0
0
0
0
0
0
84
161
343
326
213
163
213
142
169
35
101
276
385
299
471
300
187
0
0
0
0
0
0
0
54
356
422
217
185
215
97
75
70
147
226
273
391
333
579
391
170
3
0
0
0
0
0
0
85
160
561
782
510
144
155
168
153
143
153
207
146
195
248
224
296
60
0
0
0
0
0
0
0
83
38
25
18
32
34
2
153
267
319
497
536
580
801
378
138
0
0
0
0
0
0
0
0
0
100
199
156
167
154
190
176
205
215
244
360
753
1116
1068
497
53
0
0
0
0
0
0
85
535
708
845
823
961
972
660
654
708
621
1127
991
446
630
407
179
7
0
0
0
0
0
0
0
313
610
598
434
304
182
140
147
240
165
192
199
200
188
148
187
0
0
0
0
0
0
0
123
454
379
506
183
153
242
158
505
486
484
629
515
677
334
168
286
53
0
0
0
0
0
0
198
490
588
983
352
300
656
288
183
302
173
223
408
713
492
241
137
0
0
0
0
0
0
0
65
204
198
227
313
396
294
363
487
412
186
197
722
596
368
232
189
22
0
0
0
0
0
0
82
297
162
169
179
235
224
257
148
175
161
168
329
258
435
344
155
112
18
0
0
0
0
0
0
0
0
157
156
151
286
145
118
244
576
715
784
801
1066
298
155
0
0
0
0
0
0
0
0
0
279
316
202
210
191
313
346
256
368
820
392
476
873
635
238
12
0
0
0
0
0
67
151
251
206
144
242
250
140
144
153
347
219
495
789
985
987
438
150
0
0
0
0
0
0
0
12
377
689
649
273
408
200
225
155
200
234
186
254
179
355
240
154
4
0
0
0
0
0
0
63
274
196
171
161
207
207
216
181
160
236
200
310
457
475
168
197
34
0
0
0
0
0
0
37
30
167
142
144
151
140
183
224
227
178
214
317
309
344
416
315
244
0
0
0
0
0
0
19
156
280
363
296
141
144
179
198
148
225
169
460
488
460
241
182
31
0
0
0
0
0
0
0
0
121
158
149
145
86
0
0
0
266
365
341
504
1129
621
269
73
0
0
0
0
0
0
54
204
139
142
151
180
164
234
331
279
295
624
483
260
819
265
396
3
0
0
0
0
0
0
53
172
221
160
142
218
147
155
148
220
166
675
204
240
648
389
318
77
0
0
0
0
0
99
139
358
433
387
277
208
160
186
145
234
158
225
156
226
594
347
174
0
0
0
0
0
0
0
133
470
151
269
205
189
243
224
218
204
340
711
149
227
171
198
206
36
0
0
0
0
0
0
96
156
166
168
164
204
179
149
183
161
264
290
616
903
957
214
232
67
50
0
0
0
0
0
0
225
227
245
316
314
172
175
187
192
179
170
257
646
443
194
161
0
0
0
0
0
0
0
0
0
92
203
147
0
71
109
0
0
116
261
406
1304
1150
245
233
0
0
0
0
0
0
0
68
257
359
217
258
392
362
443
520
519
671
1550
837
1548
780
257
138
3
0
0
0
0
0
0
0
283
360
358
53
136
178
249
268
147
141
507
442
453
525
363
245
0
13
0
0
0
0
0
54
468
436
548
260
282
159
193
240
171
485
701
1067
1121
920
161
122
0
42
0
0
0
0
0
50
142
267
451
278
196
225
221
226
418
357
351
361
904
741
248
148
0
0
0
0
0
0
0
79
167
270
138
124
165
225
166
197
223
487
254
281
562
456
174
186
16
0
0
0
0
0
0
24
168
244
290
322
323
195
181
163
156
154
268
686
690
222
240
150
0
0
0
0
0
0
0
0
0
0
5
382
146
168
174
162
244
415
546
780
1397
1409
609
285
43
0
0
0
0
0
0
136
699
1105
1065
371
283
176
152
181
191
192
209
378
334
209
162
231
0
0
0
0
0
0
0
324
778
1058
959
704
525
502
353
191
209
324
179
674
996
1112
205
193
40
0
0
0
0
0
0
62
269
424
227
369
818
773
601
365
408
355
193
186
517
212
373
215
64
0
0
0
0
0
0
147
619
479
648
572
415
250
170
254
160
361
751
587
568
670
557
432
9
0
0
0
0
0
0
0
49
278
207
168
280
168
197
253
153
325
383
378
1033
691
393
232
0
0
0
0
0
0
0
0
259
265
484
577
560
323
423
380
231
219
631
751
990
268
203
255
213
0
0
0
0
0
0
0
0
176
545
397
148
113
6
14
0
66
74
232
458
188
196
246
0
0
0
0
0
0
0
123
457
338
162
172
206
175
178
155
158
166
172
1166
1932
886
191
216
48
0
0
0
0
0
0
93
890
840
137
148
151
151
156
165
209
192
191
172
171
166
183
181
21
0
0
0
0
0
0
199
414
206
186
229
163
143
156
170
155
174
521
1043
1481
745
263
218
0
0
0
0
0
0
0
56
284
168
264
23
0
31
71
37
61
45
146
206
867
284
249
155
0
0
0
0
0
0
0
101
670
878
526
249
168
148
146
167
158
145
185
178
552
177
173
137
6
0
0
0
0
0
0
0
64
114
161
146
171
167
161
143
162
166
256
261
764
326
170
143
45
0
0
0
0
0
0
0
0
4
93
174
247
184
187
117
51
63
77
161
231
147
205
89
0
0
0
0
0
0
0
158
521
412
259
164
199
161
197
123
217
267
740
738
527
206
140
163
40
0
0
0
0
0
0
0
0
128
139
144
144
164
144
170
190
169
250
679
1221
556
539
234
43
0
68
0
0
0
0
46
286
418
137
157
167
138
144
162
231
150
664
1150
1410
674
184
282
0
0
0
0
0
0
0
35
195
173
196
275
136
175
139
156
177
162
860
1077
1196
590
408
491
29
0
0
0
0
0
0
220
501
470
281
175
153
184
393
302
234
184
508
1238
1266
431
161
147
0
0
0
0
0
0
0
0
23
150
309
402
269
222
140
142
144
211
248
438
869
286
148
199
36
0
0
0
0
0
0
0
0
148
218
155
188
81
2
119
282
252
161
355
482
166
0
13
0
0
0
0
0
0
0
150
461
544
807
432
296
270
348
278
353
181
174
349
448
485
462
388
25
0
0
0
0
0
0
0
398
218
260
330
315
266
334
270
267
389
550
1162
814
531
297
296
34
0
0
0
0
0
0
169
476
227
377
515
482
546
472
246
169
541
498
1109
1115
692
390
181
0
0
0
0
0
0
0
131
497
322
201
202
273
200
176
157
369
289
516
1561
1348
1108
430
159
108
0
0
0
0
0
0
0
192
146
256
141
388
145
242
199
254
431
641
593
587
260
32
34
0
0
0
0
0
0
0
66
155
253
660
794
379
162
201
159
153
140
159
372
663
668
428
500
73
0
0
0
0
0
0
0
0
212
640
761
649
864
437
458
437
254
285
1128
1336
213
183
92
0
0
0
0
0
0
0
125
341
193
314
184
177
176
185
223
316
337
924
1492
1290
320
173
177
35
0
0
0
0
0
0
23
526
623
223
196
157
146
201
193
220
241
375
1124
393
479
274
406
0
0
0
0
0
0
0
62
280
225
174
155
202
171
182
241
313
177
288
1047
196
215
253
181
0
0
0
0
0
0
0
72
595
551
352
61
84
137
137
153
149
169
576
1222
1076
445
171
140
13
0
0
0
0
0
0
52
421
367
401
180
137
147
170
200
215
172
523
1456
1480
555
213
129
8
0
0
0
0
0
0
0
154
197
271
149
135
128
0
26
24
232
600
1715
1440
530
252
192
0
0
0
0
0
0
0
0
0
133
162
169
150
144
6
69
96
13
231
1082
758
48
152
115
0
0
0
0
0
0
0
67
319
257
257
176
169
179
211
174
208
223
282
1015
705
218
172
150
15
0
0
0
0
0
0
89
308
237
480
387
416
423
198
205
164
207
317
698
726
316
258
158
0
0
0
0
0
0
0
56
639
698
378
330
246
186
242
211
27
312
606
1073
381
256
217
186
0
0
0
0
0
0
0
66
644
347
306
360
316
179
286
241
416
168
621
1074
337
413
134
147
0
0
0
0
0
0
0
78
294
475
506
269
203
152
120
153
187
146
251
366
340
411
239
245
56
0
0
0
0
0
0
18
156
379
329
169
273
173
33
207
33
106
358
999
575
232
264
21
0
0
0
0
0
0
0
0
0
1
118
175
163
214
115
93
67
201
278
1130
955
539
141
161
118
62
52
0
0
0
0
0
0
363
201
174
136
147
230
193
229
460
525
1488
1430
425
194
256
354
37
0
0
0
0
0
0
12
506
602
283
250
199
177
153
171
402
557
1490
1273
518
251
245
266
48
0
0
0
0
0
0
48
195
134
138
139
248
258
173
214
160
276
726
395
254
233
179
267
20
0
0
0
0
0
0
53
159
226
277
171
250
294
211
116
352
647
894
732
208
198
223
200
23
0
0
0
0
0
0
60
435
138
298
305
239
151
152
186
408
705
1206
680
137
171
226
125
0
0
0
0
0
0
0
0
122
86
8
43
54
16
33
6
258
528
682
609
332
432
355
333
72
0
0
0
0
0
0
0
37
378
443
454
233
465
239
131
330
921
1598
1051
515
196
262
164
112
0
0
0
0
0
0
57
194
213
299
181
168
299
209
320
739
1180
1226
1020
250
204
223
168
18
101
0
0
0
0
0
62
282
261
235
203
273
201
211
140
316
382
714
335
197
131
193
67
0
0
0
0
0
0
0
53
160
144
191
209
161
514
246
181
505
453
1176
990
369
353
369
292
6
0
0
0
0
0
0
51
289
444
224
222
200
369
296
147
376
767
960
388
213
148
141
152
38
3
0
0
0
0
0
54
213
149
139
147
144
143
174
139
363
392
700
703
204
271
220
249
0
0
0
0
0
0
0
39
299
478
366
168
209
224
159
151
381
689
1378
797
391
267
256
409
37
0
0
0
0
0
0
0
0
127
244
233
73
5
4
17
330
604
1261
872
156
201
158
153
0
0
0
0
0
0
0
44
153
163
158
135
160
168
217
218
456
513
794
481
418
266
265
228
0
5
0
0
0
0
0
73
281
219
146
165
169
173
198
231
439
854
1232
799
189
226
196
137
100
44
0
0
0
0
0
58
248
485
575
166
154
152
151
234
424
789
1139
1098
597
452
351
251
153
121
0
0
0
0
0
481
579
222
235
193
101
29
48
26
207
528
866
1010
193
340
180
243
62
0
0
0
0
0
0
81
268
268
307
276
224
137
257
273
329
906
1208
415
263
172
265
175
10
0
0
0
0
0
0
0
172
266
245
259
140
169
72
0
157
658
937
755
157
155
204
129
37
0
0
0
0
0
0
0
0
179
201
326
164
168
236
7
363
751
1165
1051
244
180
215
146
0
0
0
0
0
0
0
56
218
229
249
166
194
160
329
168
337
522
711
787
229
162
302
196
0
0
0
0
0
0
0
57
237
188
181
191
182
213
278
148
341
507
1078
988
385
329
425
245
0
0
0
0
0
0
0
0
156
315
385
201
227
238
149
179
544
1005
972
1271
688
306
270
345
0
0
0
0
0
0
0
85
335
460
462
138
251
191
135
144
881
1739
1574
1479
1028
222
269
142
0
0
0
0
0
0
0
46
156
177
242
183
173
185
208
206
534
845
1022
725
131
293
233
172
40
0
0
0
0
0
0
0
0
216
263
360
296
171
143
183
299
517
949
499
199
241
234
268
3
0
0
0
0
0
0
0
0
130
138
213
185
200
201
164
306
970
893
664
192
250
238
272
0
0
0
0
0
0
0
94
511
491
886
750
574
466
308
254
583
1057
1406
975
445
172
145
173
0
0
0
0
0
0
0
57
137
169
159
164
152
151
162
147
408
601
525
419
250
189
263
238
0
0
0
0
0
0
0
0
99
148
159
159
138
292
156
183
316
770
923
340
301
390
238
278
21
0
0
0
0
0
0
407
292
369
485
275
134
184
146
147
304
564
597
268
152
162
168
186
0
0
0
0
0
0
0
119
218
142
187
256
268
290
320
264
512
575
1175
641
474
436
329
329
168
122
145
0
0
0
0
50
359
468
508
441
244
146
142
146
189
693
1461
1198
518
188
172
159
18
124
0
0
0
0
0
0
0
469
139
147
10
0
0
0
256
478
1047
623
105
134
193
150
0
0
0
0
0
0
0
81
446
163
317
168
177
139
140
275
198
920
1704
1865
873
346
247
167
0
0
0
0
0
0
0
37
314
142
150
132
180
229
296
236
847
1244
1479
1416
743
22
244
191
0
0
0
0
0
0
0
52
152
150
139
177
175
205
240
308
553
1266
1579
1070
653
181
210
158
0
61
0
0
0
0
0
58
167
119
220
125
174
148
171
232
172
449
1232
1068
875
346
348
309
248
0
0
0
0
0
0
142
231
319
312
263
148
204
111
450
196
654
1306
605
341
396
281
222
0
0
0
0
0
0
0
0
164
239
135
167
365
806
569
824
486
704
1186
769
438
439
417
195
118
64
0
0
0
0
0
0
2
123
195
147
197
170
156
224
440
1148
1646
1440
1075
236
273
239
0
0
0
0
0
0
0
0
272
253
253
355
218
202
155
145
254
1242
1446
1333
438
206
178
133
1
0
0
0
0
0
0
79
455
348
147
101
0
116
333
144
303
734
939
302
285
173
202
253
3
0
0
0
0
0
0
119
230
429
158
173
157
147
145
153
147
470
393
152
306
147
215
156
0
0
0
0
0
0
0
0
255
169
154
142
255
198
177
147
449
837
680
1001
486
316
225
167
36
0
0
0
0
0
0
310
466
573
426
153
173
202
144
149
354
980
1038
632
142
146
244
140
0
0
0
0
0
0
0
0
0
0
13
52
171
225
194
356
526
1341
1828
1582
424
266
165
192
43
0
0
0
0
0
0
0
82
142
224
176
246
168
168
142
144
840
1526
851
213
172
165
144
0
0
0
0
0
0
0
126
370
229
260
145
187
170
242
150
384
292
165
149
129
157
162
179
0
0
0
0
0
0
0
20
222
182
175
150
196
189
219
216
302
1129
1541
1282
620
373
302
158
26
54
0
0
0
0
0
56
350
335
403
257
150
211
281
171
209
525
1058
388
206
276
240
160
2
0
0
0
0
0
0
54
215
436
251
157
207
149
254
186
148
799
1281
799
325
277
70
21
0
0
0
0
0
0
0
2
196
375
647
534
355
160
166
157
191
456
1344
499
306
225
149
129
88
177
30
0
0
0
0
0
11
28
65
143
145
154
164
172
207
551
1433
1150
281
198
262
395
156
101
0
0
0
0
0
0
0
114
220
160
143
139
151
145
149
506
1353
551
271
228
340
175
23
82
0
0
0
0
0
0
119
152
138
139
144
148
149
183
174
383
1346
548
464
436
263
145
54
16
0
0
0
0
0
0
0
134
169
134
289
908
1171
435
151
415
176
157
150
177
200
149
0
0
0
0
0
0
0
0
5
156
140
134
152
146
137
0
120
410
1355
542
284
209
206
173
19
0
0
0
0
0
0
61
154
158
145
157
146
141
156
248
226
851
1747
979
433
243
207
186
0
0
0
0
0
0
0
0
48
110
148
146
194
226
215
293
316
1088
1573
1494
416
141
193
179
36
0
0
0
0
0
0
0
0
17
234
242
187
223
253
243
595
730
1959
1488
710
223
142
159
58
3
0
0
0
0
0
0
0
122
140
151
185
176
193
143
215
442
942
367
209
215
170
132
0
0
0
0
0
0
0
0
123
205
222
208
264
160
156
141
146
111
247
153
170
170
150
127
0