0.521299167
0.321198611
0.312071944
0.33711
0.321341667
0.310899722
0.328991389
0.379420833
0.750901389
0.718846667
0.377348611
0.333179722
0.349576667
0.352038333
0.471701389
0.434323333
0.41595
0.349269722
0.367244444
0.661610556
0.870492222
1.821529444
0.789349722
1.169961944
0.548448611
0.296993056
0.262878056
0.265223611
0.300072222
0.319157222
0.309658333
0.326942778
0.771783611
0.535259167
0.375191389
0.372769722
0.385847222
0.373202222
0.350028333
0.344531944
0.382793611
0.358657778
0.366186944
0.62887
0.963645833
1.0674475
0.972928611
0.942005
0.951916667
0.751207778
0.323690556
0.294465556
0.307856389
0.274008056
0.3201925
0.387341944
0.528120556
1.301226389
1.255489444
1.283105833
1.253515278
1.194314167
1.151546944
1.133683056
1.115588333
0.937011111
0.986965
0.860476389
0.822463889
0.893386111
0.996361389
1.010010833
0.787359167
0.338002222
0.306875833
0.299043889
0.295373611
0.3041875
0.341016944
0.347396111
0.334749444
0.345981111
1.907514444
1.213652778
1.107831667
1.176504722
0.934584722
2.864671389
2.035797222
1.211927222
1.24897
2.954863889
1.769095278
1.054066389
0.9190625
1.013896111
0.783525278
0.517850556
0.2640125
0.280633333
0.408173611
0.304818611
0.373655833
0.441531667
0.639441111
0.695669167
0.697241111
0.629204444
0.492461667
0.437461389
0.468428333
0.472641389
0.459264167
0.422278611
0.449785833
0.932519444
1.015179444
1.330529444
1.085809444
0.90384
2.817048333
0.570326667
0.305834167
0.280940833
0.258309722
0.297929722
0.350673611
0.505181944
0.639699722
0.688909444
0.481794722
0.451044722
0.418730278
0.398158333
0.427070833
0.427468889
0.430248333
0.431636111
0.396622222
0.627685833
1.220439167
0.951633611
0.793145278
0.708790556
0.599488056
0.449873889
0.3188725
0.293747222
0.444861944
0.3084125
0.364097222
0.485880278
0.735176389
0.577796667
0.508436111
0.357553056
0.3609725
0.489713611
0.410956944
0.378424444
0.3750275
0.359325278
0.306562778
0.4696425
1.452508889
0.908289444
0.706161944
0.706685556
0.692858611
0.45271
0.366313333
0.368837222
0.379048889
0.491139444
0.477646389
0.507742222
0.737713333
0.696534167
0.713623333
0.633721389
0.624804167
0.59211
0.606548611
0.618358333
0.632203611
0.597807222
0.595059167
0.589831944
1.508615833
0.657964444
0.656903056
0.895200833
0.69993
0.330902778
0.288164444
0.2883725
0.280873333
0.295475
0.307115556
0.465238611
0.574628889
0.727941389
0.556004167
0.539819444
0.531805278
0.553463056
0.573561111
0.573961389
0.549618333
0.747743889
0.589873056
0.311619167
0.284096389
0.301591111
0.555053611
0.775786389
0.540076667
0.357855556
0.382580278
0.360616667
0.409448333
0.474267222
0.465388333
0.545945
0.805120833
0.751937222
1.039889167
1.052423611
0.695957222
0.985547222
1.143852778
1.475364444
1.383631389
1.162986944
1.210083333
1.290278611
1.204549444
4.087153889
3.511996389
2.077774444
0.929744444
0.384269722
0.338615556
0.317473611
0.277760278
0.293373056
0.342247778
0.369255
1.022587222
0.753943056
1.307951944
3.3830025
1.325672778
0.954719444
1.084500278
2.158068889
1.139915
1.517710278
1.022084444
1.053895278
1.130276944
1.042215833
1.055282222
0.723888333
0.608735833
0.355686667
0.292173611
0.295282778
0.320726111
0.332928889
0.312329167
0.329408056
0.623846389
0.774984167
0.663247778
0.612751667
0.8992925
0.788935278
1.062167222
2.702133333
1.964786111
0.657339167
0.604272778
1.661653889
3.321508611
2.263306944
1.058193611
1.215133611
0.967305833
0.312436667
0.298013056
0.307893056
0.295414444
0.330576111
0.326925556
0.489501111
0.710886389
0.721084722
0.768725556
0.362350556
0.362126389
0.342273056
0.3352325
0.349805278
0.362062778
0.359001944
0.463118056
0.638208056
1.220836667
0.732320556
0.795376389
1.043445556
1.092445
0.792675
0.340264444
0.280438611
0.271093889
0.275396111
0.302333333
0.356259444
0.719772222
0.673608889
0.405249444
0.358828889
0.3554
0.360497778
0.376751111
0.397225556
0.404028611
0.387459444
0.386375
0.521696944
0.316457222
0.307368333
0.28658
0.580775556
0.4332675
0.316414722
0.333565278
0.284625278
0.273846667
0.276776389
0.333248889
0.336646389
0.755954444
0.898411389
0.32763
0.320639167
0.322235833
0.319653889
0.334788611
0.336939722
0.335819444
0.337047222
0.296986111
0.407048056
0.681228889
0.717950833
1.264009444
1.014753611
0.671105833
0.457856667
0.379171667
0.303345278
0.307972222
0.313372778
0.336266944
0.378295278
1.068253056
0.665300833
0.510649722
0.360338611
0.362804722
0.375164444
0.391370556
0.394065556
0.402957222
0.4092475
0.4954725
0.862858611
3.259971667
1.365737222
1.224510278
1.770246944
4.582798333
1.594814722
0.358701111
0.314368889
0.321112222
0.315345
0.336266389
0.392894444
0.537012222
0.704729444
1.131930556
1.057573889
1.010642778
1.008233056
1.044902778
1.040639444
1.117779167
0.942925833
0.787183611
3.011675556
1.102423056
1.019336111
1.001569444
0.886489722
0.704268333
0.582161667
0.532272778
0.560530278
0.352123056
0.326510278
0.319628056
0.420345833
0.696993611
0.568841389
1.141272222
0.640630278
0.600533611
0.611458333
0.767306111
0.7607125
0.618565556
0.635691389
0.618868611
0.618761111
0.911660556
1.023845556
1.015572778
1.339968889
0.690766111
0.436448889
0.319142222
0.314513333
0.335238611
0.350008611
0.374304722
0.451843611
0.785271111
0.689631111
0.684909167
0.872189444
0.801083611
0.668859444
0.686600556
0.657966667
0.648916944
0.6542425
0.665155
0.588249444
0.723797222
0.854735278
0.991150833
0.971485278
0.838872778
0.702633333
0.312876111
0.311124444
0.299047778
0.286983889
0.321489444
0.358178056
1.018805
0.710061944
0.426713611
0.509835278
0.367050278
0.356190278
0.344081944
0.355381944
0.359663056
0.3599
0.319614444
0.393001111
0.639027222
0.744595
1.801915278
2.711118333
0.803228611
0.327739444
0.326381667
0.349015556
0.439789444
0.463279167
0.571829167
0.550003333
0.825757222
0.874390833
0.585515
0.658771944
0.527344167
0.542639167
0.676869722
0.530739444
0.528133889
0.670216667
0.681418611
1.304745278
0.842251944
0.918756111
0.810841111
0.870118333
0.813414722
0.859520556
0.895647778
0.809519167
0.297605278
0.409429722
0.381083889
0.336725556
0.742694444
0.829694167
0.458482222
0.358115833
0.494275833
0.363529722
0.373580278
0.423466389
0.443760833
0.365666667
0.333195833
0.512766111
0.97612
0.803680833
0.817179167
0.917382222
0.895913611
0.426466389
0.453469167
0.309554722
0.449526667
0.304689444
0.480012778
0.341693333
0.707866111
0.880159444
0.396247222
0.363523056
0.655312778
0.379473333
0.380235556
0.378497222
0.373054167
0.39513
0.32955
0.509791944
0.798249444
0.569711389
0.812042222
3.830583333
0.733334444
0.480104167
0.436074167
0.364393611
0.412634444
0.408783889
0.331060556
0.448540556
0.4948625
0.604055
1.176991667
1.056706667
0.748006944
0.731089167
0.623238611
0.514193611
0.529313056
0.538856667
0.5297925
0.568589167
1.306731389
0.717248056
0.728198889
1.03818
0.99195
0.471532222
0.512630556
0.456851944
0.397991111
0.510921944
0.5029875
0.419015556
0.452126111
0.828818611
0.761215556
1.332574722
0.78937
0.792276667
1.129871389
1.836887222
2.6703
0.704091111
0.730215278
0.758979167
0.772288889
0.702239444
0.62874
0.708931111
0.457708056
0.283733611
0.277453611
0.272952222
0.291201111
0.368668333
0.379958611
0.325147222
0.597775
0.633434167
0.647644722
0.507855
0.585334722
0.534822222
0.607031389
3.074003611
0.481072778
0.490393889
0.430901111
0.426170833
0.4315275
0.427956389
0.903575
1.153774722
0.447738611
0.288969167
0.429281389
0.360287778
0.35384
0.297327778
0.452981944
0.350954167
0.705546667
0.912174167
0.404246667
0.375670278
0.455125
0.427434722
0.467666389
0.4604475
0.446292222
0.446867222
0.447873889
0.828222222
1.068270556
0.561332778
1.161441667
0.901920278
0.723639444
2.696900833
0.717751667
0.447653611
0.3574875
0.371814444
0.472377222
0.511942222
1.744858056
0.76881
0.551509167
0.504892222
0.443118056
0.44559
0.451936944
0.446343333
0.447493611
0.44725
0.403381389
0.603365
0.758403611
0.722188056
0.628143333
0.572701111
0.603836389
0.326484167
0.438136667
0.431680833
0.339823056
0.454085556
0.480702778
0.341724167
0.773488611
0.710348611
0.566041389
0.355383889
0.355284444
0.365437778
0.365700278
0.359558333
0.387337222
0.440458333
0.380331389
0.394096667
0.712875833
1.198608056
0.727904722
0.947475
0.609930556
0.508334444
0.428250278
0.420710833
0.488050833
0.345466944
0.511857222
0.421986111
0.661003889
2.720419444
0.495051389
0.504849167
0.372648889
0.494257222
0.371873056
0.396306944
0.409911111
0.410329444
0.361021667
0.890150556
0.687486944
0.959953056
0.880338889
0.989618611
0.858046111
0.739711944
0.447515278
0.338730278
0.317983056
0.389710278
0.333398056
0.396458056
0.494844722
0.425595833
1.728780556
0.841038889
0.430395833
0.517382778
1.015995833
0.780829444
1.414080833
0.6480975
0.606968333
0.921471667
0.809914722
0.835263611
0.846091389
0.708288333
