0.002544167
0.003218889
0.003299444
0.003269722
0.003308056
0.003295
0.003266667
0.003125833
0.002601111
0.074458889
0.512381944
0.929244167
1.745003056
2.258962778
3.1381775
3.135381389
2.863363611
1.666443889
0.775563333
0.384801667
0.029185833
0.002706667
0.002766667
0.001568333
0.003024722
0.003286667
0.003335833
0.003409444
0.003379167
0.003388333
0.003358056
0.003228056
0.002883333
0.009496111
0.137954722
0.341775
1.402734444
2.205029444
3.166867778
2.682949444
2.430992222
1.569444444
1.322578611
0.333991944
0.002570833
0.002360556
0.002206389
0.002508889
0.002803333
0.002965
0.003436667
0.003352222
0.003379444
0.003423333
0.003288889
0.00327
0.002777778
0.034121667
0.148595278
0.592191389
1.096893333
1.459909722
1.619253611
1.878151944
1.839193611
1.042416667
0.598475278
0.194271389
0.002720556
0.002547222
0.002576667
0.002595833
0.002646111
0.003205833
0.00325
0.003256389
0.003281111
0.003330278
0.003275556
0.003228611
0.003215833
0.072603611
0.258404444
0.492830833
0.529599444
0.785111389
1.272240833
1.242991944
0.915070556
0.432036667
0.304231667
0.276710556
0.008563611
0.002608056
0.002569167
0.002456389
0.002813611
0.003108889
0.003392222
0.003361944
0.002712778
0.003311111
0.003188333
0.002793056
0.0030325
0.104420833
0.443913333
0.874569722
1.571456389
2.511241944
3.18413
2.32839
2.406546111
2.071303056
0.961045833
0.291591944
0.003586944
0.001619167
0.0024175
0.002801389
0.001368611
0.002779167
0.003393333
0.003426667
0.003464444
0.003388333
0.003391389
0.002593056
0.003131389
0.032869167
0.320164167
0.464720556
0.476942778
0.777781111
0.875179444
0.326624722
0.155372222
0.133284444
0.887916667
0.196743611
0.002368889
0.002421389
0.002658333
0.002768889
0.002901667
0.0025775
0.003264167
0.003315833
0.002665833
0.003266389
0.003122222
0.002592222
0.002851111
0.120114167
0.235218889
0.863014722
1.691206111
2.297750833
2.3512375
3.337379444
2.993790833
2.264635833
1.271980556
0.3282575
0.023339444
0.002816667
0.002747222
0.002825833
0.002761667
0.002845833
0.003019444
0.003076667
0.003003889
0.002583056
0.002678889
0.002590278
0.002453611
0.076237778
0.258078056
0.776886667
1.599445278
2.171213611
3.121372778
3.294735278
2.8723575
2.149941389
1.088459167
0.080834444
0.002888333
0.002382778
0.002623889
0.003167778
0.003059722
0.003405
0.003248333
0.003236667
0.003278056
0.003198056
0.003266667
0.002506389
0.002924722
0.075514167
0.310112778
0.793384722
1.646659722
2.109691389
2.829958333
2.626058056
2.607306389
1.934028056
1.133564167
0.246629444
0.003288333
0.003075556
0.002452222
0.001909167
0.002453611
0.002976667
0.00302
0.002986667
0.002823889
0.002549722
0.002753889
0.002555556
0.002760833
0.042505833
0.215250278
0.701186111
1.6036575
2.090130556
2.919027778
2.912008333
2.698266944
2.035524167
1.104324722
0.139175556
0.004228611
0.000561389
0.000552222
0.001813056
0.002378333
0.003176667
0.003259444
0.0032425
0.003243333
0.003211667
0.003161944
0.003020278
0.002293611
0.045920833
0.206718333
0.630393611
1.525854167
1.210809167
2.900134167
3.008583611
2.937549167
1.612973889
0.474292778
0.338873611
0.016886389
0.002581944
0.002870556
0.002819167
0.002981667
0.003336389
0.003365
0.0034175
0.003425556
0.003437222
0.003426944
0.003272222
0.002558333
0.039595556
0.229875
0.771709167
1.651372222
2.119048611
3.046309167
3.3156225
2.885131111
2.188516667
1.224761389
0.121958333
0.002635556
0.001835
0.002476389
0.002424167
0.002884167
0.003535556
0.003506111
0.003543889
0.003552222
0.003480833
0.003452778
0.003433889
0.002979444
0.028961944
0.202375833
0.635811944
1.533100833
2.029116944
2.905911667
3.260642222
2.849963056
2.155473611
1.189814167
0.103032778
0.003235278
0.002418611
0.002651944
0.002524722
0.002659444
0.002541389
0.003229722
0.003408889
0.003396111
0.003403333
0.003318611
0.003170556
0.002563611
0.036467778
0.214675556
0.650146389
1.511460556
1.993351389
2.855665
3.200981667
2.769489167
2.075783056
1.142746944
0.0929175
0.0035775
0.003190278
0.003155278
0.003095278
0.002813333
0.003397778
0.003452222
0.003541944
0.003624167
0.003615833
0.003503611
0.003379444
0.002515278
0.064686111
0.291696111
0.782658333
1.653531389
2.082247778
2.883458611
3.291675278
2.845398889
2.1006225
1.135047778
0.10004
0.002468889
0.002102222
0.001343056
0.002225278
0.002848333
0.003225
0.003365
0.003539167
0.003466944
0.003455556
0.003406667
0.003328056
0.001586944
0.042896389
0.266493611
0.761041111
1.601278056
2.088385833
2.826657222
3.201589444
2.801583889
1.937086944
1.1458975
0.142940278
0.0009
0.002188889
0.002543611
0.002029722
0.000007778
0.002265
0.003379167
0.003483056
0.003411667
0.003382778
0.003350556
0.003360556
0.003156667
0.039138056
0.231666111
0.680223056
1.461429444
1.957875278
2.478244722
3.185726389
2.707401944
1.949543333
1.03379
0.071959167
0.002169444
0.002515556
0.002575833
0.002613889
0.002879444
0.002996667
0.002958333
0.002920833
0.003427222
0.003484444
0.003451944
0.003218333
0.001994444
0.018397222
0.412596667
0.844393611
1.456525833
1.909555278
2.559784167
2.819478333
1.675130833
0.915817222
0.257146389
0.166273889
0.005276111
0.002848889
0.00287
0.001756111
0.002612222
0.003228889
0.003427778
0.003447778
0.003441944
0.003431667
0.003429444
0.003138056
0.002394722
0.050777222
0.318307222
0.640991667
1.443163611
1.586038611
1.364904167
1.586950278
1.212005833
0.938437778
0.986848889
0.260891944
0.005042222
0.002383333
0.002865833
0.002690833
0.002772222
0.002137222
0.003415556
0.003431944
0.003427778
0.003423611
0.003403889
0.003296944
0.001748611
0.034695
0.346595833
0.718045278
1.117104444
1.600926111
1.798560556
2.385608056
2.581690556
0.99739
0.465950833
0.137098333
0.002773333
0.002681111
0.001912778
0.0010975
0.002715556
0.003350556
0.003400278
0.003364167
0.003081944
0.003074722
0.002741667
0.002808333
0.002851667
0.002520556
0.034188889
0.127803333
0.329071667
0.4129175
0.545019722
0.410081944
0.297736667
0.419608333
0.237944167
0.108819722
0.002654722
0.002493889
0.002605
0.002322222
0.002745556
0.002633611
0.002498889
0.002504722
0.003475278
0.002991667
0.003239444
0.003373611
0.002936667
0.0021525
0.0343125
0.077600278
0.431473889
0.479605278
0.406568056
0.561988889
0.4558625
0.088967222
0.174765278
0.053354722
0.00237
0.0023775
0.001983333
0.001723889
0.002313333
0.003274444
0.002831111
0.003460833
0.0027325
0.003411667
0.002649444
0.003197222
0.002886667
0.038249722
0.385558056
0.703148889
1.409273889
2.303299722
2.560428611
1.736105
0.6763575
1.285563333
0.2920575
0.068641111
0.002699444
0.003026944
0.002757222
0.0001725
0.002774444
0.003156389
0.003045833
0.003131389
0.002808333
0.002830278
0.003295
0.002590833
0.002635278
0.014690556
0.283979444
0.795125556
1.538524444
1.9660175
2.52988
3.105648056
2.796401667
2.05868
1.017468056
0.040788611
0.002423611
0.002575833
0.0025125
0.002264722
0.002045278
0.002722778
0.002532778
0.002699444
0.003025556
0.003378611
0.002590556
0.003158611
0.002851944
0.043031944
0.2861
0.635993056
1.353985556
2.1227225
2.614530278
3.152069722
2.485406389
1.820857222
0.815623611
0.133797778
0.002415833
0.002422222
0.002776389
0.002978333
0.003237222
0.003365556
0.003372778
0.003413056
0.003444444
0.003091667
0.002973333
0.0032125
0.002588611
0.004618333
0.334691944
0.448066944
1.176678333
1.321975
1.892244722
2.239590833
1.044828056
1.169383611
0.555376667
0.083248889
0.002855
0.002879167
0.002534444
0.002345556
0.002813611
0.003387222
0.002614722
0.003093611
0.003008333
0.003397222
0.002704444
0.003315
0.002785556
0.013891111
0.310152222
0.596582222
1.392340833
1.455225833
2.779879167
2.175856667
0.984223333
0.420621667
0.376348611
0.119939167
0.002535556
0.002332778
0.001438611
0.00237
0.002288056
0.00093
0.002911944
0.002725556
0.0030625
0.003042222
0.002613056
0.002972222
0.002676944
0.008387222
0.26673
0.840094722
1.547640556
1.987675278
2.558394722
2.784423056
2.1756175
0.530133611
0.222664722
0.011879722
0.002248056
0.002615278
0.00248
0.002450833
0.002144444
0.0032025
0.002619722
0.002680278
0.003291667
0.002826667
0.002727778
0.003228333
0.002303333
0.003411111
0.447679167
1.153711667
1.450693889
2.041368611
1.636574444
2.717156667
1.5357925
1.235701667
0.551890556
0.123552222
0.002610556
0.001683889
0.002597222
0.001815278
0.00276
0.002591111
0.003076667
0.002988056
0.002795833
0.003351667
0.002676667
0.003088333
0.002204722
0.004716667
0.032293056
0.565659444
0.368798889
0.302266111
0.687465278
1.748447222
0.932129722
0.465219722
0.659183333
0.0285275
0.002543889
0.001917778
0.002350556
0.002036667
0.002178333
0.002594167
0.002574167
0.0030825
0.003073333
0.002683056
0.003179167
0.002786111
0.002455
0.007673056
0.201420833
0.667330833
1.357486944
2.1024375
2.770165833
3.015693056
2.733310833
1.969350556
0.835420278
0.028255556
0.0023475
0.001959722
0.002066944
0.002329722
