0.048
0.053
0.05
0.055
0.045
0.042
0.04
0.051
0.057562202
0.0549855963
0.0523947507
0.0509166275
0.052660002
0.0531574006
0.0556684334
0.0569891762
0.0567639316
0.0591671784
0.056659924
0.0567138212
0.0578664245
0.0590225608
0.0586139633
0.0605573071
0.0580239658
0.0560945248
0.0560945248
0.0560945248
0.0560945248
0.0560945248
0.0560945248
0.0560945248
0.0560945248
0.0560945248
0.0560945248
0.0560945248
0.0560945248
0.0560945248
0.0560945248
0.0560945248
0.0560945248
0.0560945248
0.0560945248
0.0560945248
0.0560945248
0.0560945248
0.0560945248
0.0560945248
0.0560945248
0.0560945248
0.0560945248
