752.5
755.5
753
757
756.5
757.5
757
756.5
756
752.5
749
756
756
750
745
741
753
720
739
743.5
748.5
738
743.5
745.5
745
743.5
743
738
733.5
714
701.5
700
691
681
680
679.5
680
681
680.5
680.5
680
680.5
680.5
680
680.5
680.5
680
681
681
681
681
681
681
680
681
680.5
680
680
675
661.5
661
644.5
633
655
621
682.5
688
680
680.5
645
638
680.5
680.5
676
616
670
680.5
680.5
681
653
551
554.5
596
675.5
675.5
680.5
681
681
681
680
680.5
681
681
680.5
681
693.5
718.5
722.5
723
723
720.5
723.5
723
721
720.5
720
718.5
717.5
717
721
729
728
726
729.5
732
705.5
682.5
604
559
556
554
602.5
722
720.5
727
734.5
733.5
733
734
732.5
734
731
731.5
733.5
733.5
729.5
724.5
721
721
712.5
714
713
713.5
726
730.5
729.5
728
725.5
710.5
713.5
712
710.5
711.5
713
705.5
697.5
699
693.5
691
689.5
693
695.5
697.5
696.5
696
697
696
698.5
695.5
697.5
694
687.5
693.5
688.5
687.5
684
682.5
686
686
688
684.5
682
683.5
681.5
681.5
681.5
683
685.5
683
681
681
681
681
671
678
681
681
681
681
651
586
616.5
679
681
681
681
681
681
679.5
681
683
689.5
687.5
695.5
695.5
692
695
701.5
698.5
703.5
701.5
705
706
705.5
703.5
705
706.5
707
705.5
703
701.5
700
703.5
698.5
691
686.5
687.5
685
701
704
709
707.5
708
704
711
709.5
703.5
701
699
704.5
706
705
701.5
706
706
704.5
708
705.5
708.5
710.5
709
710
710.5
686.5
679.5
681
681
681
681
681
669
681
680.5
681.5
681
675.5
681
681
681
681
680.5
681
681
681
680
681
681
681
680.5
685
707.5
705.5
706.5
706.5
707
702.5
703.5
701
699
698.5
700
697
699.5
701.5
697.5
700
700
698
696
700
700.5
701.5
700.5
701
701.5
703
702.5
702
701.5
701.5
700.5
701
700.5
700
700
696
673.5
671.5
672.5
673
671
668.5
664.5
668
664
662
659
659.5
655.5
657
656.5
656
655
656.5
656.5
655.5
654.5
655
655.5
655
655
654.5
655.5
657.5
657
658.5
661
661
662
648.5
654
655
655
652
672
711
762
832.5
895.5
897.5
963
1066.5
1155
1193
1239.5
1226
1251
1296
1296.5
1299.5
1299
1301
1284.5
1301
1301
1306
1301.5
1290.5
1274.5
1245
1280.5
1303
1309.5
1315.5
1328.5
1317
1304.5
1307
1347.5
1327.5
1325.5
1324.5
1321
1288.5
1327.5
1325.5
1326.5
1326.5
1326
1323.5
1305
1325
1325
1310
1322.5
1325
1324.5
1309.5
1320.5
1323.5
1323.5
1330
1333.5
1326
1338.5
1343.5
1345.5
1334
1326.5
1329.5
1323
1303
1254.5
1305.5
1303
1313.5
1326
1398
1258
1336.5
1537
1574.5
1614
1629.5
1631.5
1749.5
1869.5
1921
1977
1988.5
1985
1974
1967.5
1880
1878.5
1868.5
1879.5
1879.5
1880.5
1927.5
1899
1915
1929.5
1901
1967.5
1963.5
1914.5
1899.5
1901
1901.5
1901
1902
1896.5
1882.5
1881
1880.5
1813.5
1757.5
1766
1787.5
1768
1848
1830
1881
1882.5
1882.5
1881.5
1880.5
1920.5
1929.5
1971.5
1974
1973.5
1901
1975
1972.5
1973.5
1968
1972
1967
1974.5
1893.5
1808
1596.5
1641
1591
1601.5
1601.5
1627
1713.5
1766
1799.5
1902
1968.5
1970
1967.5
1963
1958
1932.5
1817
1935.5
1978
1979.5
1981.5
1978.5
1985
1903.5
1395.5
1351
1349.5
1362.5
1374.5
1296.5
1323
1562.5
1887.5
1966
1896.5
743
443.5
1773.5
1854
1879.5
1862.5
1898
1950
1948
1947
1905.5
1825.5
1621
1083
1036
1008.5
1004
976.5
925
983.5
1185
1247
1240
1249.5
1254
1253.5
1250
1249
1248
1249
1250.5
1250.5
1318
1307
1324.5
1318
1219
1168.5
1137
1234.5
1141
984.5
985
1224
1328
1328
1312
1311.5
1317
1317.5
1314.5
1327.5
1305.5
1304
1308.5
1336
1332.5
1330.5
1313.5
1325
1328
1328.5
1327
1324
1278.5
1300.5
1317
1260.5
1323
1323.5
1321.5
1323.5
1323.5
1325
1321
1335.5
1378.5
1427.5
1673
1942.5
1942.5
1944
1945
1959.5
1965.5
1867.5
1912.5
1889
1788
1830
1812.5
1755
1877.5
1902
1969.5
1970.5
1971
1967.5
1971
1971
1970.5
1964.5
1959.5
1929
1943.5
1872
1876.5
1881.5
1691
1506.5
1636
1720.5
1900.5
1696
1619.5
1625
1651.5
1644.5
1769
1806
1780
1777
1778
1723.5
1674.5
1685
1832
1935
1941
1939.5
1832.5
1917
1656
1252
1302.5
1328
1258
1199
1373
1507.5
1590
1809
1903
1902.5
1963.5
1957.5
1945
1940.5
1817
1914.5
1935.5
1900
1935.5
1937
1944.5
1947.5
1891
1948.5
1951.5
1957
1978
1975
1984
1983
1982
1979
1981
1940.5
1938
1955
1976.5
1974.5
1905
1909.5
1840
1817.5
1875.5
1919
1919
1914.5
1814
1757.5
1859
1910
1680.5
1583
1498
1573.5
1679.5
1914
1925
1925.5
1927
1921
1898
1922
1906.5
1881
1902.5
1924.5
1932.5
1933
1928.5
1927.5
1926
1880
1875.5
1923.5
1920
1793.5
1756.5
1655
1838.5
1904.5
1903
1892.5
1882.5
1889.5
1881.5
1884.5
1895.5
1914.5
2020
2020.5
2021.5
2022.5
2023
2001.5
1812
1395
1423
1451.5
1492.5
1447.5
1330.5
1332
1510
2007.5
2023.5
1568
1381
1382
1382.5
1382
1382.5
1384.5
1399.5
1400
1402.5
1386
1384.5
1384
1368
1379
1379
1377
1376
1376.5
1379.5
1379.5
1379.5
1379.5
1374
1379.5
1379
1376
1380
1373
1376.5
1394
1382
1352
1349.5
1307.5
1308.5
1309
1334
1354.5
1361.5
1379
1392
1379.5
1400
1354.5
1338
1340
1343
1338.5
1341.5
1342.5
1334
1338
1349
1355.5
1354.5
1352.5
1341.5
1354
1357
1359.5
1370.5
1387
1399
1395.5
1391.5
1396
1400.5
1402.5
1401.5
1400.5
1401
1403.5
1403
1405
1373
1365
1364
1351
1346
1375.5
1383.5
1388.5
1385.5
1381.5
1380.5
1367
1347.5
1357
1354
1350
1359
1362.5
1377.5
1377.5
1380.5
1382
1375.5
1373
1371
1378
1380.5
1379.5
1379
1381
1384.5
1365.5
1353.5
1355.5
1356.5
1356.5
1342.5
1343.5
1350.5
1357.5
1333
1300.5
1301
1302
1300.5
1299.5
1299
1303
1303.5
1299
1301.5
1292.5
1286.5
1299.5
1306.5
1305
1303
1301.5
1301.5
1295
1275
1280.5
1290.5
1291
1295.5
1301.5
1308.5
1323
1320
1300
1253.5
1254.5
1258.5
1257
1261.5
1260
1226.5
1188
1195
1184.5
1247.5
1267.5
1310
1209
1202.5
1213.5
1313
1314.5
1314
1310.5
1312
1310.5
1299
1305
1296.5
1311
1310
1303.5
1304
1290
1304.5
1311.5
1311
1312.5
1310
1309
1312.5
1311.5
1310.5
1308
1279.5
1310.5
1304
1307
1283.5
1289
1282.5
1268.5
1233
1219
1238.5
1240.5
1288.5
1304
1304.5
1308
1310
1311
1314
1312
1315
1313.5
1313
1308.5
1290.5
1175.5
1298.5
1302.5
1300
1299.5
1300
1305
1305.5
1320
1320
1315.5
1321
1323
1322.5
1316.5
1318
1306
1314
1316.5
1318.5
1317
1318
1324
1322.5
1313.5
1301
1232.5
1264.5
1290
1291.5
1293.5
1305.5
1301.5
1307
1309.5
1299.5
1302
1313
1311
1309.5
1307.5
1310.5
1312.5
1311
1278
1311.5
1310
1310.5
1311
1309
1287.5
1296.5
1303.5
1302.5
1307.5
1303
1308
1361.5
1361
1356
1367
1367.5
1368
1369
1368
1366.5
1365
1365.5
1366.5
1366.5
1365
1364
1362
1358.5
1365.5
1360.5
1362
1366.5
1365.5
1338
1364
1365.5
1369.5
1371
1372.5
1370
1370
1367
1366.5
1364
1351.5
1361
1366.5
1364.5
1364
1364
1364.5
1360.5
1360.5
1361.5
1357.5
1366
1350
1355
1355
1352.5
1351
1339.5
1341.5
1348
1354.5
1362
1364.5
1369
1372.5
1371.5
1374.5
1376.5
1374
1376.5
1380
1382.5
1380.5
1380.5
1378
1367
1362.5
1349
1360
1361.5
1346.5
1355.5
1358
1361
1363.5
1373.5
1375
1369
1373.5
1372
1371.5
1374
1374.5
1375
1375
1375.5
1378.5
1376
1370
1371.5
1372
1369.5
1369
1368
1366.5
1365.5
1369
1370.5
1371
1372.5
1373
1375
1375.5
1375
1376
1375
1374.5
1374
1374
1373.5
1377
1375
1371.5
1376
1380
1378
1376.5
1372
1367
1370
1370
1369.5
1372
1372
1368.5
1382
1397
1400.5
1400.5
1397.5
1399
1399.5
1404
1406
1404
1394
1401
1401.5
1391
1394.5
1398.5
1398
1398.5
1400
1399
1400
1403
1405.5
1404
1405
1402
1334
1333.5
1334
1347
1377
1392
1392.5
1396.5
1395.5
1394.5
1392.5
1400
1387.5
1377
1356
1333.5
1340.5
1350
1225
1292.5
1362.5
1361
1404
1406
1409.5
1411
1412
1409
1408.5
1408.5
1411
1411
1411.5
1411.5
1412.5
1412
1411
1410
1411
1403
1378
1409
1413
1415
1411.5
1409.5
1401.5
1395.5
1394
1392.5
1393
1387.5
1384.5
1386.5
1385
1387.5
1389
1390.5
1395.5
1404.5
1401.5
1379.5
1377.5
1357.5
1380
1361.5
1389.5
1401
1401
1400
1382.5
1398.5
1396.5
1396
1396.5
1397.5
1378
1396
1391.5
1397
1398.5
1397.5
1394
1397.5
1398
1392
1394.5
1380
1372.5
1367.5
1383
1398
1405.5
1406
1405
1354.5
1405.5
1405
1402
1402
1401
1404
1404
1402
1398.5
1401.5
1404.5
1411.5
1414.5
1412.5
1411.5
1408.5
1404
1406
1408.5
1410.5
1411
1410.5
1408.5
1406.5
1412
1422
1423
1426.5
1420
1428.5
1426.5
1411.5
1420.5
1418.5
1427
1425.5
1424.5
1426.5
1427
1423
1425
1428.5
1429.5
1430
1428
1430
1425.5
1424.5
1419.5
1423
1360.5
1419.5
1427.5
1424
1424
1426
1428
1427
1431.5
1428.5
1413.5
1422
1421
1422
1424
1419
1419
1421.5
1421.5
1423
1422.5
1408.5
1406.5
1413
1419
1413
1415.5
1419.5
1421.5
1418
1429
1432
1394
1398.5
1397
1396
1398.5
1395.5
1413.5
1425.5
1428.5
1427
1428.5
1422
1420.5
1420
1410.5
1417.5
1397.5
1398
1402
1392.5
1409.5
1407.5
1422
1422
1409
1411.5
1411.5
1415
1416
1397
1393
1397
1393.5
1398
1405
1405
1391
1395.5
1393.5
1384.5
1391.5
1344
1357.5
1357.5
1365
1362.5
1357.5
1367
1366.5
1387
1406.5
1408
1404.5
1401
1403.5
1401
1371
1395.5
1452.5
1457
1436.5
1441.5
1442.5
1442
1440
1438.5
1440
1441
1439.5
1436.5
1433
1440.5
1444
1443
1444
1441
1442
1440
1443
1439.5
1440.5
1439
1439
1438.5
1438.5
1440
1438
1427.5
1436.5
1434
1415
1414.5
1414.5
1406.5
1402.5
1415.5
1414.5
1414.5
1414.5
1407.5
1409.5
1423
1432
1438
1441
1438
1432.5
1432.5
1429
1431.5
1430
1428
1430.5
1427
1426.5
1425
1427.5
1414.5
1422
1425
1399.5
1378
1397.5
1412.5
1427
1430
1432.5
1436.5
1441
1442
1439.5
1441.5
1442.5
1442
1441.5
1436.5
1433.5
1424
1435
1435.5
1429
1430
1417
1431.5
1433
1402.5
1412.5
1434
1433.5
1431
1431
1428.5
1424.5
1422
1418
1419
1419
1420
1420
1410.5
1412.5
1417
1418.5
1417
1415.5
1420
1410
1415.5
1416.5
1417
1417.5
1407
1409
1409.5
1378
1332
1331.5
1314.5
1286.5
1287
1312.5
1280.5
1096
1303
1325.5
1337
1325.5
1336.5
1331.5
1329
1330.5
1331.5
1333.5
1338.5
1336
1273.5
1273.5
1271.5
1278.5
1358.5
1374
1375.5
1376.5
1375.5
1370.5
1365.5
1364.5
1360
1347.5
1354.5
1355
1355.5
1359.5
1362.5
1358.5
1360.5
1360
1356
1355.5
1355.5
1356.5
1358
1357
1370.5
1367
1368
1375.5
1376.5
1375
1375.5
1376
1375
1377.5
1369.5
1369.5
1371.5
1371.5
1371.5
1374.5
1374.5
1371.5
1377
1378
1373.5
1373.5
1368
1366
1361
1370.5
1379.5
1384.5
1377
1372.5
1369
1375
1369.5
1371
1371.5
1369
1357.5
1326.5
1370.5
1370
1373.5
1374.5
1373.5
1371
1369.5
1370.5
1368.5
1371
1371
1327.5
1372
1357
1335
1359
1357
1366
1372.5
1370.5
1365.5
1364
1367
1374.5
1369
1367.5
1372.5
1353.5
1370.5
1362
1370.5
1370
1371.5
1371
1368
1371.5
1371
1357.5
1301
1266
1292
1336.5
1364.5
1369
1364
1369
1371.5
1363.5
1365.5
1368
1368.5
1368.5
1362.5
1367
1374.5
1382.5
1379.5
1378.5
1380.5
1380.5
1372
1368.5
1373
1372
1349.5
1352
1334.5
1332.5
1335
1332.5
1330.5
1318
1324
1336.5
1338
1338
1338.5
1339
1338.5
1337.5
1319
1328.5
1335.5
1335
1337.5
1337
1337.5
1337
1338
1338
1327.5
1335.5
1327
1332
1334.5
1333
1337
1333
1336.5
1334.5
1335.5
1332
1337
1337
1335.5
1335.5
1337
1337.5
1338
1337.5
1337.5
1337
1337.5
1337
1332
1333
1332.5
1334.5
1337
1327
1333.5
1333.5
1336
1337.5
1336.5
1333
1334.5
1331
1335.5
1335.5
1334
1329
1333
1335
1317
1336
1332.5
1337.5
1331.5
1329
1333
1333.5
1329.5
1324
1327
1323.5
1334.5
1336.5
1337
1337.5
1336.5
1334
1330.5
1317
1321
1233.5
1147.5
1216.5
1228
1276.5
1272
1269
1314
1333
1333
1354.5
1368
1395.5
1451.5
1448
1467
1467.5
1483
1536
1537
1536.5
1557.5
1591.5
1595.5
1551.5
1537
1537
1537.5
1539
1583
1614
1637.5
1636
1634
1638
1639
1639.5
1626
1630.5
1638
1638
1722.5
1739
1762.5
1836
1844.5
1956
1982
1984
1984
1984.5
1984.5
1984
1978
1983
1979
1980.5
1975.5
1982.5
1978.5
1977.5
1984
1982
1968.5
1982
1974
1962
1983
1938.5
1959.5
1974
1966
1945.5
1956
1958.5
1995.5
2006
1939
1923
1920
1922.5
1919
1989.5
2009
2007.5
1995
2005
2000
2001.5
2004
1935
1961.5
2006
2005
2005.5
2006
1991
1989.5
1985.5
1987.5
1977
1974
1946.5
2002.5
1963
1958.5
1964
1959.5
1956.5
1961
1954.5
1947
1947.5
1958.5
1923.5
1963
1959.5
1974
2005
2006
2007
2008
2008.5
2008.5
2008.5
2010.5
2010
2007.5
1998
1996
1993
2008.5
2009
1996.5
2006
2011
2008.5
2010
2011.5
2011
2010
2007
2010
2009.5
2010.5
2010
2011
2011
2012
2011
2011.5
2011.5
2010
2004.5
1971.5
1837.5
1753
1929.5
2008.5
2010.5
2011.5
2009.5
2010.5
2010.5
2009.5
2007.5
2008.5
1989
1925
1971.5
2009
2009
2010.5
2007
2010.5
2011
2010.5
2008.5
2009
2008
2007.5
2010.5
2010.5
2011
2010
2002
2009.5
2010.5
2012
2011
2010
2016.5
2002
2028
2029
2029.5
2030.5
2032
2032.5
2026
2013
2031.5
2022.5
2030
2026.5
2031.5
2031.5
2033.5
2031
2030.5
2033
2031.5
2028.5
2027.5
2030.5
2043
2043
2041.5
2042.5
2046
2046.5
2046.5
2034.5
2044.5
2046
2000
1913
2018
2040
2043.5
2042.5
2044
2044.5
2023.5
1993
1972.5
2011.5
2020
2032
2032
2047.5
2042.5
2045
2039.5
2027.5
2039
2043.5
2025.5
1942.5
1942.5
1944
2026
2036.5
2039
2016.5
2024
1955
1955
1945
1959.5
2009.5
1995
2018
2026
2039
2040
2039.5
2039.5
2040.5
2042
2042.5
2036
2040
2039
2037.5
2035.5
2030.5
2041
2041.5
2037.5
2035
2023.5
1986.5
2025
2008
2009.5
1992
1986
2032
1977.5
1972.5
2029.5
2033
1980
1978.5
1971.5
2030
2040
2043
2040
2039
2037
2039.5
2053
2051.5
2064.5
2067
2053.5
2027
2045.5
2062.5
2063
2054
2069
2070
2070.5
2069
2070
2070.5
2067.5
2063.5
2071
2074
2074
2072.5
2069.5
2066.5
2072
2072.5
2072.5
2071
2073
2072.5
2073.5
2073
2075.5
2073.5
2074
2071
2074
2059.5
2074
2071
2060.5
2069.5
2063.5
2060.5
2059.5
2058.5
2062
2068.5
2070
2065.5
2070
2071
2072.5
2072.5
2063.5
2068.5
2073
2063.5
2053.5
2074.5
2075
2068.5
2073
2076.5
2077.5
2076
1914.5
1459
1457.5
1458.5
1463.5
1464.5
1464.5
1461
1448
1464
1467.5
1463.5
1652
2064
2107.5
2097.5
2104
2104.5
2113.5
2113.5
2114.5
2098
2109.5
2107.5
2101
2078
2072.5
2072
2067
2012.5
2091
2105.5
2120
2097.5
2094.5
2091.5
2090.5
2090.5
2088.5
2093.5
2097
2115
2080.5
2078
2075
1991.5
1941
2041
2084.5
2074.5
2065
2067.5
2072
2080
2078.5
2075.5
1946
1841
1743.5
1655.5
1537.5
1745.5
1828.5
2006.5
2043.5
2076
2078
2079.5
2063.5
2050.5
2017
1964
1964.5
1952
1892
1902.5
1956.5
2060.5
2063
2066
2073.5
2074.5
2065.5
2055
2018.5
2012
2024
2039.5
2060.5
2046
2069.5
2086
2072
2081
2038
2004
2003.5
2033.5
2068
2078
2074
2080.5
2074
2077.5
2078.5
2070
2065
2041.5
2064.5
2056
1995.5
2059.5
2055.5
2055
2046
2053.5
2047
1966.5
1888
1912
1929
1701
1699
1855.5
1801.5
1728.5
1941
1946
1943
1951
1874
1532
1515
1441
1517.5
1889.5
2130.5
2139.5
2140.5
1912
1862.5
2107.5
1903.5
2028
2000
1816.5
1871.5
2049.5
2076
1953
2052
2113
2138
2114.5
2075.5
1988.5
1949.5
2043.5
2072.5
2130
2144
2146.5
2145.5
2145
2146.5
2111.5
2109
2107.5
2130.5
2102.5
2057.5
2073
2045.5
2068.5
2077
2076.5
2092.5
2112
2146.5
2143.5
2122.5
2103.5
2055.5
2053.5
2075
2078
2079.5
2080.5
2073
1981.5
1973.5
1968.5
1972
1971.5
2010
2018
2019
2024.5
2025.5
2032
2027.5
2012
2017.5
2036.5
2070.5
2135
2148
2144.5
2120
2102.5
2102
2091
2045
1926.5
2007.5
1998
2084
2095
2107.5
2103.5
2066.5
2093
2071.5
2090.5
2131
2109.5
2132.5
2142.5
2157.5
2168
2171.5
2147.5
2132.5
2115
2060.5
2044.5
2044.5
2037
1969.5
1972.5
1960
1960.5
1984.5
2033.5
2022.5
2043.5
2050.5
2050
2022
2012.5
2042.5
2039.5
2039
2042.5
2038.5
2021
2044.5
2045
2006.5
2044
2044
2040.5
2037.5
2037
2039
2034.5
2042
2041.5
1999
2043.5
2047.5
2042
2051
1834
1404.5
1396
1424.5
1461
1473
1464
1478
1472.5
1469.5
1473
1474
1471
1469
1469
1471
1452
1455
1473.5
1468.5
1482
1472.5
1469.5
1456.5
1464.5
1467
1466.5
1481.5
1522
1516.5
1524.5
1534
1534.5
1531
1531.5
1531.5
1486
1469
1457
1458
1451.5
1442.5
1445.5
1437
1438
1436.5
1447.5
1440.5
1316
1205.5
990
758.5
769.5
1114
1285.5
1406
1404
1397.5
1397
1365.5
1362
1374
1360.5
1333.5
1340.5
1323.5
1328
1406
1428.5
1521
1325
1398.5
1396
1408
1458
1388.5
1385.5
1392.5
1386.5
1386
1398
1448.5
1536.5
1688
1770.5
1887.5
1885.5
1884
1916
1914.5
1933.5
2055.5
2060
2059
2061
2029.5
2035
2002.5
2000.5
1909
1776.5
1787
1985
1962.5
1956.5
1969.5
1971
1825
1772.5
1705
1463.5
1410.5
1392
1432.5
1681.5
1973
1898
1939.5
1924
1638
1556
1656.5
1286.5
1227
1333
1873
1948.5
1999
1984.5
1978.5
1862
1720.5
1527
1779
1893.5
1946
1506.5
1482
1679
1821
2008
2027
1995
1771.5
1454.5
1502.5
1779
1568
1519
1668
1774.5
1820
1868.5
1938.5
1847
1373.5
1512.5
1778.5
1888
1918.5
1910.5
1806.5
1722.5
1881
1885.5
1873
1894
1840.5
1062
1296
1330
1262.5
1562.5
1380.5
1616
1714.5
1688.5
1690.5
1691.5
1654
1707.5
1593
1644.5
1488
1431.5
1647
1689
1731
2032
2027.5
2030.5
1972
1119.5
999
1019.5
1069.5
1114.5
1340.5
1670
1913
2000.5
2014.5
1998
1928
1966.5
2001.5
1963
1823.5
1700.5
1676.5
1732.5
1728
1720
2016.5
2020.5
1985
1631.5
1471
1355.5
1332.5
1501.5
1832
1978.5
2051
2038
2048.5
2009
1808
1860
1497.5
1449.5
1523
1612.5
1769.5
1950
1961.5
1609.5
1617
2037
1959
1632
1570
1682.5
1704.5
1728.5
1699
1992.5
2031
1729
1710
1690.5
1583.5
1027
910
889
962.5
1148.5
1214
1224
1261
1673.5
2081
2109.5
2074
1846.5
1747.5
1663.5
1630
1886
1999.5
2075
2084
1963.5
1925.5
1905.5
1838
1770.5
1661
1606
1637.5
1654
1662.5
1679.5
1599
1628.5
1783.5
1831
1860.5
1936.5
1912.5
1834.5
1832
1824
1830
1818
1802
1797.5
1797
1796.5
1723.5
1280.5
1218
1127.5
1127
1121.5
1150
1151
1394
1796.5
1868
1866
1736
1224.5
1225.5
1239.5
1238
1292.5
1408
1803.5
1878.5
1899
1869.5
1885.5
1699.5
958
651
647.5
678.5
640
576.5
942
1148
1503.5
1881
1903
1751
1738.5
1861.5
1509
1473.5
1567
1762.5
1953
1971
1972.5
1972
1972
1971.5
1933.5
1920.5
1923
1897
1759
1620.5
1708.5
1751.5
1810
1972.5
1931
1939
1915
1946.5
1966
2042.5
2047
2048
2070.5
2104
2103.5
2098.5
2017
2017.5
2011
2010
2006.5
2008
2005
1908.5
1939
2012.5
2009
2023
2014.5
1761
1366.5
1368.5
1380
1373.5
1388.5
1377
1354.5
1400
1403
1400
1539.5
1843
1894.5
1881.5
1905.5
1924
1990
1991
1989
1985.5
1909
1902.5
1968.5
1966
1964.5
1966
1964.5
1962.5
1963.5
1965.5
1966
1965
1941.5
1941.5
1944.5
1940
1852.5
1919.5
1880
1908
1882.5
1845
1878
1931
1935
1932
1931
1928
1942
1951.5
1938.5
1953.5
1958.5
1957.5
1960.5
1913.5
1877.5
1895.5
1934.5
1960.5
1887.5
1878.5
1933.5
1925.5
1950
1949
2033
2041.5
2041.5
1938.5
1887
1889
1954
1903.5
1845.5
1785
1816
1932
2003
2029.5
2032
1979.5
1942
1917
1786.5
1695
1657.5
1641
1615.5
1629
1916.5
2003
2026.5
2032
2043
1950.5
2023.5
2055.5
2064.5
1999.5
1886
1941
1842.5
1941
1990
2012.5
2010
1996
1993
2000.5
2033
1871.5
1805
1887
1966.5
1970.5
2015
2000
1835.5
1987.5
2028
2012.5
1885.5
1730
1527.5
1798
2008
2015
2015
2015
1996
1921.5
1687
1507.5
1473
1467.5
1599
1700
1763
1924.5
1967
1936.5
2037.5
2036.5
2075.5
2009
1776
1801.5
1999.5
1932.5
1895
2051.5
2107
2087.5
2009.5
1958
2018.5
1998.5
2020
1965
1758
1812.5
1945.5
2033
1954.5
2056.5
2054
1883.5
1780.5
1593.5
1650.5
1630
1784.5
1918.5
1950
1947.5
1946.5
1950
1952.5
1870
1816.5
1751.5
1789.5
1825.5
1873.5
1888.5
1871.5
1890.5
1926
1964
1964
1875.5
1583.5
1600
1478.5
1671.5
1891.5
1942
1718
1825.5
1954.5
1956.5
1943.5
1858.5
1859.5
1789
1811.5
1866
1812
1845.5
1858.5
1799
1772.5
1811.5
1971
1902.5
1637.5
1515.5
1463
1466
1436.5
1510.5
1839
1817
1863.5
1889
1897
1795.5
1522.5
1517.5
1375
1381.5
1382.5
1403.5
1471.5
1698
1845.5
1715.5
1636
1562
1827.5
1848.5
1891.5
1801
1824.5
1859.5
1916
1917
1958.5
1961.5
1966.5
2039
2083.5
1958.5
1992.5
1997
2112.5
2124.5
2124
2074
2084
2077.5
2154.5
2039
1712
1720
1537.5
1558
1866.5
2118
2210.5
2231
2235.5
2237
2165.5
2118
2040
1950
1886
1724.5
1672
1609
1702
1968.5
2094.5
2051
1949.5
646.5
1094
2019
2089.5
2101.5
2014
2078
2036
2158.5
2159
2152.5
2145
2029
1913
1989.5
1905
1929
1952.5
1871.5
1885.5
2030.5
2135.5
2227.5
2175.5
2110.5
2114.5
2207.5
1865
1655
2058
2205
2210
2204.5
2182
2155.5
2143.5
2155
2152.5
2139
1970
1978.5
2065.5
2111.5
2030.5
1998.5
1969
1970
2075.5
2087
2118
2123.5
2122
2062
2146
2184.5
2197
2277.5
2279.5
2261.5
2278
2279.5
2272
2177
2165.5
2160
2215
2275
2190
2207
2173.5
2205
2162
2158
2144
2130.5
2068.5
2049
2166.5
2144
2122.5
2031.5
2025
2031
2033
2011
2027
2033
2027
2030
2034
1869.5
1673.5
1899.5
2017.5
2031.5
2006
1888
1983.5
1877.5
1863.5
1904.5
1893
1851
1868
1873.5
1916.5
2015.5
2014.5
1942
2040
2044.5
2040
2072
2124
2115
2057.5
2048
2116
2131.5
1998.5
2041
2134.5
2204.5
2201
2142
2138.5
2157
2154.5
2145.5
2111.5
2014
2131
1943
2017.5
2072.5
2105.5
1887.5
1737.5
1735
1829.5
1871.5
1909.5
1945.5
2018
2020
2062
2060.5
2062.5
2068
2038.5
2037
2020
2002.5
2004
2016.5
2016
2015.5
1997
2016
1811
1827.5
1851
1549
1594
1783.5
1835
1835.5
1836
1854.5
1538.5
1474.5
1518
1642.5
2030
2244.5
2238
2263.5
2275.5
2272
2264.5
2154.5
2152.5
2155.5
1945
1878.5
1969
1943.5
2043.5
2117
2160.5
2189.5
2184.5
2170
2208.5
2256.5
2177.5
1911
1962.5
2023.5
2247
2250
2251
2250
2237.5
2228
2211.5
2179.5
2147
2225.5
2219
2230.5
2203
2225
2145
2215
2220.5
2219.5
2221.5
2223.5
2215.5
2183
2170
2106.5
2167
2162.5
2165.5
2164.5
2209
2229
2168.5
1925.5
2085
2169
1951.5
1930
1716.5
1787.5
2155.5
2074.5
2144
2131.5
2174.5
2197.5
2198
2197.5
2226
2233.5
2232.5
2232.5
2183
2162.5
2161
2144.5
2151.5
2185
2181
2185.5
2192.5
2195.5
2195.5
2156
2180.5
2183.5
2187.5
2180.5
2154.5
2159
2154.5
2180.5
2171
2214.5
2237
2222
2223
2174
2140
2145
2138
2187
2109.5
1876
1702
1574.5
1977.5
2154
2192
2194
2181
2278.5
2260.5
2268
2231
2269
2281.5
2286.5
2309.5
2284.5
2321
2234
2231
2161.5
1842
1701
2079
2199
2212
2208.5
2246
2264
2324.5
2342.5
2337
2320.5
2310.5
2318.5
2297
2258
2212.5
2240.5
2263.5
2282
2285
2282.5
2282
2275.5
2277.5
2275.5
2272
2280
2276.5
2280
2279
2273.5
2238.5
2256.5
2267.5
2282
2280
2321.5
2328.5
2331.5
2329.5
2331
2305
2249.5
2278.5
2265.5
2274
2259.5
2250
2273
2279
2275
2281
2275.5
2242
2263
2313.5
2327
2340
2341
2339
2348
2341.5
2337
2334.5
2335
2303
2286.5
2284
2283
2285
2207
2169
2287
2290
2288
2286.5
2248
2141
2237
2288
2287.5
2287.5
2289.5
2283
2254.5
2250
2236.5
2234.5
2248
2065
2264.5
2283.5
2290.5
2289.5
2293
2296
1922
2015.5
2044
2224
2262.5
2275.5
2275.5
2228
2194
2270.5
2266
2266
2262.5
2262
2265.5
2266.5
1998.5
2213.5
2068.5
2267.5
2270.5
2270.5
2191.5
2154
2149.5
2149
2137.5
2125
2122.5
2124.5
2125
2114
2126
2123.5
2118.5
2124.5
2123
2118
2117.5
2122.5
2121
2115.5
2123
2123
2122.5
2123.5
2080
2121
2120.5
2119.5
2071.5
2101.5
2126
2124
2035.5
1961
2199.5
2180
2143.5
2121
2141.5
2115
2033.5
2020
1978
1983
1992.5
2007.5
1914.5
1880.5
1881
1904
2010
2015
2090.5
2090.5
2041.5
2080
2000
1962
1993.5
1995
1976.5
1972
1965
1987.5
2020.5
2027
2032.5
1941.5
1942
1916
1917.5
1896.5
1893
1912
1905
1904
1905
1891
1819.5
1810
1736.5
1897.5
1981
2022.5
2044
2063
2071.5
2066.5
2065
2072.5
2101.5
2042.5
2094.5
2131
2132
2130
2142.5
2208
2160.5
2117.5
2051.5
1853.5
1817.5
1744.5
1986.5
1877
2021
2006
1935
1868
1860.5
1790.5
1646
1871
1890.5
2017
2008.5
1992.5
1959
2025
1996
1568.5
1375.5
1391.5
1422.5
1425.5
1336.5
1343
1394
1732.5
1992.5
1981.5
1945.5
1940
1811.5
1503.5
1305
1344
1409.5
1974.5
2038.5
1978
1993
2014.5
2008.5
1473.5
1336.5
1339.5
1343
1344.5
1348
1363
1355
1731.5
1846.5
1932.5
1996
1977
1966
2062
2077
2081
2068
1992
2054.5
2084
2085.5
2092.5
2088.5
1690
1597
1489.5
1400.5
1391.5
1394
1395.5
1583.5
2030.5
2033.5
2069.5
2054.5
2058.5
2041.5
2013
1770
1834.5
1441.5
1512
2079
2085
2084.5
2080
1846.5
1483.5
1407
1412
1412.5
1503
1880
1871.5
1508.5
2056.5
2102.5
2099
2099.5
2094.5
2088.5
2005.5
1740.5
1821
2068.5
1783.5
1939
1996
2002
2006
1905.5
1510
1487
1507.5
1541.5
1489
1536
1496
1534
2088.5
2168.5
2170
2073
1910
1551.5
1399
1405.5
1642.5
2014.5
2075
2081
2081.5
2080
2077.5
1549
894
890.5
890.5
891.5
890.5
891
891.5
1298
1815.5
2121.5
2096
2043
1809.5
1717
1702
1717.5
1695
1963.5
2075.5
2094.5
2103
2106.5
2040
1776.5
1514.5
1430.5
1448
1460.5
1463.5
1440.5
1418.5
1574.5
1897.5
2100.5
2105
2106
2123
2138
2140
2142
2147
2165.5
2170.5
2172
2174.5
2174
2172
1927.5
1745
1563
1546
1619.5
1656.5
1539.5
1508
1674.5
2008.5
2073
2206.5
2208
2110
1880.5
1517.5
1516
1516.5
1527
2005
2105.5
2047.5
2108
2066.5
1913
1928
1773
1543
1678
1620.5
1643
1532
1620
1781.5
1874
2181.5
2196.5
2197.5
2136
2048.5
2108
2072.5
1896
2027.5
2182.5
2196
2194.5
2150
2007
1787
1662
1584
1509.5
1523
1489.5
1503.5
1567.5
1854
1904
1987
1969
2009.5
1994.5
1823.5
1825
1968.5
1915
2028
1976.5
1956
1986
1951
2019
1566
1377
1422
1571.5
1557.5
1508.5
994.5
977
1497
1490
1533
1523.5
1463
1427
1428
1433.5
1437.5
1506
1788
1964
1934.5
1945.5
1925.5
1892.5
1285
1207
1131
1192
1242
1257
1220.5
1352
1456.5
1467
1505.5
1480.5
1447
1363.5
1243
1415.5
1459
1460.5
1414.5
1329.5
1142.5
1137.5
1125
1048
757.5
759
757.5
723.5
642.5
640.5
610
748
730.5
754
763.5
759
772
799
806
822.5
823
829
830.5
833.5
836
834.5
836.5
851
863
857
839.5
942
999.5
1156
1378
1684
2086.5
2218
2192.5
2214
2242.5
2283.5
2244
2140.5
2140.5
2240
2249.5
2172.5
2144.5
2017.5
1943.5
1790.5
1000
862.5
864
867
866
865
868
866.5
862
852
852
845
847.5
846
842
844
847.5
837.5
836.5
840.5
849.5
848
843.5
837.5
846.5
773.5
753.5
780.5
776
770.5
775.5
679.5
656
694.5
721
722.5
718.5
719
716.5
785
821
836.5
879.5
941.5
889
851
857.5
851.5
849
842
852
830
821
905
983.5
1085.5
1366
1896.5
2009.5
1951.5
1866.5
1877
1845.5
1619.5
1612
1875
2010
2005.5
1975
1711
1699
1512
1098.5
1045
1089
1097.5
1122.5
1098.5
1115
1416.5
1806
2012
1992.5
1942
1924
1904
1936
1921.5
1918
1896.5
1961
1848
2034.5
1956
1881.5
1670.5
1197
1286.5
1330
1105.5
1039
983.5
1033
1205.5
1299
1335
1409.5
1422
1346
1424.5
1389.5
1383.5
1393
1414
1472
1477.5
1472.5
1447
1502
1541.5
1536.5
1430
1238.5
1152.5
1183
1168
1200.5
1207
1447.5
1353.5
1276.5
1313
1283.5
1363
1405
1262
1342.5
1446
1491
1492
1489.5
1495.5
1550
1471.5
956.5
922
926.5
926.5
982
1063.5
1410.5
1573
1568
1554
1569
1577.5
1564.5
1559
1551.5
1557.5
1558.5
1638
1655
1656
1685
1670.5
1674
1670
1668
1673.5
1677
1688.5
1702.5
1724.5
1738
1741.5
1740.5
1730
1741
1740
1738.5
1738
1737.5
1737
1738
1735.5
1739.5
1732.5
1737
1731
1718.5
1716.5
1719
1719.5
1718.5
1677.5
1610.5
1602.5
1598
1600.5
1610
1611
1610
1611
1608.5
1609
1585.5
1581
1602.5
1593.5
1597.5
1598
1598
1601.5
1615.5
1677
1688.5
1672
1697
1748.5
1852
2158.5
2322
2344.5
2357
2350
2351
2345
2339.5
2333.5
2330.5
2331.5
2329.5
2329
2330
2335.5
2336.5
2326.5
2337.5
2338
2341
2324.5
2344.5
2366.5
2333.5
2334.5
2349
2356.5
2363
2359
2357
2350
2344
2336
2346.5
2334.5
2345
2349.5
2360.5
2310.5
2302
2298
2287.5
2290.5
2278.5
2280.5
2260.5
2250.5
2263
2263.5
2290.5
2300
2300.5
2295
2296
2297.5
2285
2264.5
2247.5
2242.5
2204
2154.5
2123.5
2113
2120
2124
2127
2203
2214.5
2233.5
2262
2268.5
2267
2264
2242.5
2232
2264
2315.5
2312
2307
2300
2287.5
2257.5
2255
2273.5
2290.5
2281
2268.5
2299
2307.5
2332.5
2352
2366.5
2372.5
2382
2399.5
2403
2398
2395
2392
2390
2336
2271
2261.5
2250
2253
2251.5
2248.5
2255.5
2254.5
2200
2158.5
2160
2166
2210
2051
1357.5
1296.5
1419.5
1324
1253
1224
1267.5
1335.5
1303.5
1536
1599.5
1565.5
1510
1275.5
1256.5
1263.5
1240.5
1292
1631
1614
1483.5
1292.5
1259.5
1257
1422.5
1266
1227
1190
1258.5
1353.5
1567
1574
1578
1589
1472.5
1493.5
1445
1502.5
1489.5
1334
1271
1299
1328.5
1513
1453.5
1372.5
1380.5
1386
1368
1391.5
1378.5
1390
1407.5
1411.5
1396
1380
1402
1403.5
1417.5
1373.5
1086
1082.5
1081.5
1069.5
1068.5
1070
1057.5
1076
1069.5
1074.5
1082
1107
1330.5
1390
1389.5
1386
1375.5
1379
1384.5
1125
1076.5
1077.5
1090.5
1100
1099
1098
1093.5
1088.5
1089.5
1090.5
1053.5
1092.5
1091.5
1088.5
1103.5
1221.5
1377
1585.5
1615.5
1617
1640
1625
1698
1473
1935
2196.5
2270.5
2271
2271
2270.5
2255
2243.5
2240
2220.5
2223.5
2228.5
2231.5
2215.5
2205
2198.5
1714.5
1632.5
1625.5
1612.5
1613.5
1629.5
1641
1590
1788
2143
2166
2160.5
2008.5
1945
1918
1945
1990.5
1961.5
1927.5
1966.5
2030
2034.5
2046.5
1778
1022.5
969
986.5
980.5
988
978.5
980
1131
1966.5
2121
2186
2204.5
2204
2181.5
2194
2127
2194.5
2186
2195.5
2195.5
2203
2202.5
2199
2076.5
1630
1630
1630
1577.5
1555
1480
1488
1532
1583
1627
1632.5
1628
1625
1624.5
1614
1654
1653
1658
1653.5
1656.5
1667.5
1698
1690.5
1686
1363.5
1041.5
1039
1040
1044
1044.5
1044.5
1038.5
1038
1040
1040
1035.5
1044
1043
1038
1038.5
1044
1085.5
1134
1233.5
1394
1632
1683
1697
1715
1722.5
1722.5
1722
1722
1720.5
1806
2091.5
2272
2332.5
2257
2249
2231.5
2238
2225
2256
2233
2275
2293
2304.5
2304
2301
2292.5
2279.5
2248.5
2225.5
2268.5
2287.5
2280.5
2280.5
2281.5
2264
2253
2244
2220
2217.5
2206
2247.5
2221.5
2200.5
2195.5
2174
2255.5
2253
2235.5
2265.5
2292.5
2287
2295.5
2299
2299.5
2299
2301
2300
2255
2259.5
2287.5
2281
2265.5
2256
2215.5
2261.5
2235.5
2213.5
2191
2177.5
2199.5
2275
2284
2235
2268.5
2286.5
2270
2160
2075
1627
1616
1614
1597.5
1546.5
1550.5
1609
1614.5
1617
1612
1613
1605.5
1609.5
1610.5
1613
1614
1615.5
1618.5
1621.5
1618.5
1620
1619.5
1621
1619
1621
1623.5
1621.5
1608
1621.5
1617
1603
1620
1620
1614
1611
1576.5
1590.5
1593.5
1594
1604.5
1621
1618
1619
1624
1445
977
973.5
974.5
975
973
974.5
975.5
974
975.5
975
974.5
970.5
969
955.5
943.5
937.5
947.5
906
902
942.5
938.5
942
949
957.5
1007.5
1032
1024.5
1017
1001
999
994.5
993.5
1042.5
1066.5
1068
1061
1060.5
1072
1074.5
1082
1078.5
1079.5
1080
1079
1082
1074
1062
1059.5
997
1059
1043.5
1025.5
1025
1026.5
1042
1134.5
1248
1585
1953
2161
2193
2291.5
2247.5
2259.5
2250.5
2252
2283.5
2305
2293
2293
2313.5
2287.5
1838
1654
1662
1661.5
1663.5
1653
1625.5
1564.5
1629.5
1638
1637
1635
1661.5
1954.5
2189
2087
1994
2080
2081.5
2084
2084.5
2086
2096
2061
2042
2123.5
2128.5
2129.5
2127.5
2128
2121.5
2116.5
2105.5
2106.5
2099
2087.5
2144.5
2145.5
2145.5
2136.5
2126
2110
2094.5
2088.5
2039
2100.5
2105
2111
2129.5
2122
2063.5
2114
2130.5
2119.5
2091.5
2105
2137
2139.5
2094
2024.5
1759
1586.5
1567.5
1590
1609
1845.5
2087.5
2107
2111.5
2112.5
2096.5
2046
2045.5
2045.5
2067
2138.5
2138.5
2141.5
2141.5
2140.5
2136
2152.5
2177.5
2157.5
2136.5
2140.5
2148.5
2150
2106
2105
2125
2142.5
2135.5
2206
2188.5
2022
1282.5
935.5
934
932
931.5
937.5
943
943
944
944.5
943
942.5
964.5
969.5
964
969.5
971.5
969
954
953
946
907
934
1066.5
1466
1574
1599
1567
1607.5
1577
1599
1604.5
1510.5
1030.5
968.5
947.5
945.5
932
930
927
929.5
931
948.5
957
1025
1097.5
1207.5
1336.5
1579
1602.5
1602.5
1603.5
1604
1599
1654
1942.5
2153
2244
2231.5
2242.5
2184.5
2133
2123.5
2108.5
2051.5
2021
2080
2113.5
2130
2155.5
2154
1973.5
1794.5
1966.5
2027
2072.5
2091.5
2085
2175
2206
2266
2251.5
2248.5
2267.5
2206
2156.5
2145.5
2151
2096
2098
2136
2153
2283
2305.5
2253
2239.5
2237
2244
2259.5
2259.5
2216
2135
2135
2167.5
2171.5
2162
2142.5
2161.5
2142.5
2122
2105
2081.5
2101
2110
2129
2199
2239.5
2240
2227.5
2225
1930
1621.5
1610.5
1621
1621.5
1623
1590
1588.5
1583
1580.5
1565
1559
1585.5
1767.5
1813.5
1894.5
1866.5
1792
1892.5
1991.5
2013
2022.5
2029.5
2057.5
2050.5
2062.5
2071
2126.5
2176
2150.5
2101
2103.5
2110.5
2019.5
2021
2038.5
2044
2061.5
2073.5
2077
2135
2124.5
2112.5
2164
2161.5
2170.5
2233
2239
2182
2073.5
2090.5
2013.5
2080.5
2043
2052.5
2042.5
1778.5
1624
1473.5
1063
633.5
430
429.5
431.5
432.5
433
432.5
445
721.5
1005
1076
1080.5
1080.5
1078.5
1078.5
1081
1080.5
1074.5
1078
1070
1079.5
1065.5
966
975.5
991.5
1079.5
1074.5
1075
1076.5
1076.5
1076.5
1077.5
1079
1073
1059
1017.5
955
906
880.5
957.5
1012.5
1074
1246
1459.5
2070
2241
2243
2241.5
2257.5
2250
2219
2181.5
2234.5
2243.5
2248.5
2252
2255
2251.5
2256.5
2250.5
2218
2067.5
2104
2188
2244
2168.5
2168
2164.5
2154
2152.5
2155.5
2093
2018.5
1992.5
1767
1783.5
1974
2036
2088.5
2119.5
2117.5
2104
2163.5
1865
1545.5
1274.5
1180.5
1192
1197
1174.5
1256
1699.5
2251.5
2284
2231
2211
2150
2161
2159.5
2131.5
2098.5
2112
2136
2167.5
2168
2184.5
2207.5
2024.5
1445
1293
1316
1319.5
1314.5
1275
1253
1706.5
1950
2215.5
2262.5
2273.5
2282.5
2290
2188
2190.5
2232
2236.5
2237.5
2238
2239
2255
2253.5
2074.5
1137.5
971
976.5
974
975
842.5
793
1050
1873.5
2005
2037
2047
2044.5
2053.5
2046.5
2051
2056.5
2063
2065
2074
2129
2130
2130
1942.5
1012.5
877.5
943
965.5
961
957.5
965.5
976
982
997
1008.5
1005
1011.5
1013.5
1010.5
1012.5
1012
1011.5
1055.5
1100
1098
1117
1133.5
1137.5
1138
1139
1131
1131
1130
1131
1124.5
1122
1129
1134.5
1133.5
1132.5
1136
1136.5
1134.5
1134
1132.5
1129
1132.5
1136.5
1138
1143.5
1133.5
1137.5
1144
1149
1144
1147.5
1147
1199
1347
1643
2160.5
2412.5
2426
2413.5
2416
2415
2394.5
2397
2398
2401
2419.5
2421.5
2416
2420.5
2421
2415.5
2197
2093.5
2093
2082
2089
2089
2089
2188.5
2370.5
2406.5
2405.5
2416
2411.5
2394
2406.5
2402.5
2399
2388.5
2386
2375
2414
2424
2423.5
2217.5
1307.5
1133
1132
1117
1106.5
1162
1425.5
1579.5
2114.5
2351.5
2333
2327.5
2331
2328
2347
2333.5
2308.5
2332.5
2337
2348
2349
2349
2350.5
2352
2353
2352
2353
2354.5
2354
2353.5
2353
2354
2350.5
2348.5
2345
2317
2302
2296
2273.5
2316
2348
2358
2355.5
2370
2382
2385
2377.5
2197
1736
1738
1736
1740
1740
1743.5
1743
2045
2374.5
2379.5
2377.5
2371.5
2378.5
2393
2271.5
2225.5
2287.5
2400
2424.5
2424
2427
2425
2425.5
2431
2423
2426.5
2423.5
2422
2421.5
2423.5
2423.5
2424
2422.5
2422
2422.5
2416.5
2414
2416
2415
2414.5
2398
2414
2419.5
2420.5
2419.5
2408.5
2381
2161
1704.5
1693.5
1687
1647.5
1645.5
1654.5
1614.5
1646.5
1636
1655.5
1672
1671
1688.5
1708
1750.5
1766
1774
1777
1810.5
2043
2277
2294
2318.5
2112.5
1193
1093
1090.5
1115.5
1122.5
1207
1555.5
1617
2097
2413.5
2408
2407.5
2410
2411.5
2398
2357.5
2376.5
2384.5
2383.5
2389.5
2359
2373
2391
2395
2397.5
2397.5
2395
2396.5
2395.5
2398.5
2397.5
2395.5
2394
2370
2370
2389
2352
2390
2391.5
2377
2374.5
2404
2424.5
2432.5
2430.5
2430
2424
2406
1941.5
1778
1775
1776.5
1777
1776
1778.5
1855
2148.5
2374
2421.5
2377.5
2366.5
2364
2343.5
2377
2419.5
2377.5
2402.5
2398.5
2398.5
2401
2395
2109
1272.5
947.5
1011.5
942.5
1104
1104
1107
1372
1704.5
2012.5
2378.5
2399.5
2395
2396
2393.5
2301
2265.5
2272.5
2269.5
2278
2277
2276.5
2268.5
2233
1887
1606.5
1607
1606
1605
1619
1684.5
2000
2079.5
1611.5
1613
1613
1602.5
1598.5
1599
1610
1609
1610
1611.5
1616.5
1617
1616.5
1615
1449
967
892.5
865
890.5
961.5
959
927.5
928
952
969.5
966
965.5
962.5
960.5
954.5
945.5
941
941
920.5
923.5
950.5
954
971.5
976
977
970.5
982
991.5
960.5
979.5
911
917.5
1352.5
1526.5
1651
1657
1601
1589.5
1524.5
1580.5
1573.5
1586
1586
1581.5
1581
1581.5
1611
1639.5
1646.5
1647
1650.5
1644.5
1647.5
1645.5
1646
1642
1644.5
1650
1650.5
1637.5
1638.5
1596.5
1544
1512.5
1567
1633.5
1636
1637.5
1618.5
1616
1615
1612
1616
1616
1609
1609
1601.5
969
974
1093
1556
1596.5
1470
1482
1570
1579
1593
1631
1625
1612
1600.5
1538.5
1472
1474.5
1485
1476.5
1531
1621
1578.5
1442.5
1488.5
1497
1216
1548.5
1653.5
1702
1733
1953.5
2177.5
2236.5
2234
2216
2186.5
2179.5
2198.5
2208
2216.5
2218
2254.5
2288.5
2289
2302.5
2302.5
2301
2302.5
2303
2309.5
2313.5
2311
2308.5
2308
2299
2300.5
2299.5
2265.5
2297.5
2304
2305.5
2306
2303
2302
2311.5
2282
2110.5
1280.5
965.5
1176
1098.5
949
952
1030
1511.5
1583.5
1585
1577
1578.5
1581
1580.5
1572
1615.5
1620.5
1620.5
1627
1651.5
1657.5
1656.5
1659
1661.5
1615
1254.5
1110.5
1071
1430
1645
1728
2074
2291
2282
2299.5
2295
2301.5
2303
2303
2303
2302
2298.5
2300.5
2304
2303.5
2306.5
2306.5
2305
2307.5
2184
2175
2177.5
2180
2179
2177.5
2176
1942
1566
1819.5
2165
2235
2256.5
2268.5
2250
2275.5
2275
2292
2293
2293
2295.5
2300.5
2296.5
1870.5
1793
1738
1704
1709.5
1404
1415
1558.5
2217.5
2321
2319.5
2330.5
2225
2213
2203
2231
2246
2257.5
2262
2269
2289.5
2294
2301.5
2287
2282.5
2291
2309.5
2310.5
2305
2295
2342.5
2358
2311.5
2309
2304
2297.5
2300.5
2304.5
2275.5
2272.5
2303
2300.5
2304
2306.5
2306.5
2306
2302.5
2303.5
2305.5
2287
2257
2255.5
2218.5
2218.5
2217
2217.5
2219
2217.5
2239.5
2251.5
2247.5
2237.5
2248.5
2285
2285
2290
2296.5
2271.5
2190
2175.5
2177
2182
2156
2179.5
2179.5
2180
2112.5
2058.5
2061
2063
2059
2062.5
2053.5
2044
2051.5
2085
2125.5
2157
2153.5
2161
2174.5
2178.5
2178.5
2176
2179
2180
2181.5
2183
2182.5
2184
2183.5
2180.5
2183
2173
2183.5
2182.5
2173
2167
2163
2161.5
2160
2159.5
2166.5
2159.5
2170
2169
2170.5
2171.5
2174.5
1990.5
1530.5
1530.5
1532.5
1525
1525.5
1516.5
1520
1525
1524.5
1520.5
1517.5
1508
1508.5
1499
1499.5
1495.5
1495.5
1457.5
1429
1408.5
1366.5
1361.5
1374
1374
1465.5
1518
1510
1517
1515.5
1524
1515
1522
1521.5
1516.5
1513
1501.5
1494
1493
1223.5
1376.5
1491.5
1449.5
1434
1445
1442
1444.5
1440
1484
1503.5
1504.5
1501
1492.5
1511.5
1549
1589
1889
2134.5
2134.5
2136
2137.5
2079.5
2087.5
2124
2128
2133
2134
2135
2145
2148
2148.5
2148
2148
2148.5
2149.5
2147.5
2147.5
2148
2147.5
2115
2131
2149.5
2148.5
2148
2146.5
1973.5
2144.5
2136.5
2120
2124
2124.5
2130.5
2133
2138.5
2146.5
2146.5
2148
2147
2148.5
2147
2143
2072.5
2073
2073.5
2073.5
2073.5
2072
2020.5
2687.5
2681.5
2673
2521
2519
2529.5
2721
2747
2749.5
2756
2762.5
2760
2761
2527
2447
2452.5
2442
2445
2449.5
2391
2512.5
2682
2682
2686.5
2682
2678.5
2647.5
2589
2650.5
2628.5
2654.5
2684.5
2639
2744.5
2656.5
2586.5
2610
2653
2689.5
2675.5
2676.5
2604
2596
2605.5
2700
2717.5
2735.5
2730.5
2628
2696.5
2641
2590
2481
2296
2526
2756
2569
2630
2752
2618
2030
1257
1161
1160
1161
1161
1161
1159.5
1227
1461
1456.5
1498.5
1500
1502.5
1511
1522.5
1499
1488.5
1480
1501.5
1506.5
1479
1451
1452
1487.5
1389
1264.5
1254
1071
1267
1270
1267.5
1267.5
1256
1273
1597.5
1544.5
1492.5
1328
1183.5
1247
1341.5
1347.5
1479.5
1492
1494.5
1489
1492
1495
1481.5
1340
1285.5
1441.5
1610
1829
1764
2142
2448
2544.5
2750.5
2838.5
2804.5
2761.5
2786.5
2849
2772.5
2693
2811.5
2835
2824.5
2810
2753
2313
2280.5
2373.5
2353.5
2008.5
2012.5
2248.5
1943
2366.5
2691.5
2704.5
2706.5
896
2011
2707.5
2767.5
2765
2777
2773
2663.5
2629.5
2647.5
2655
2655.5
2638.5
2355
2047
2046.5
2044
2030.5
1928
2077
2512.5
2667
2669.5
2660.5
2653.5
2656.5
2645.5
2656.5
2651.5
2657
2654.5
2658
2658
2665.5
2663.5
2664
2408.5
1719
1693
1860.5
2134
2135.5
2006.5
2027.5
2143
2688
2663
2722.5
2735
2727.5
2663.5
2654.5
2675
2653
2733
2748
2747.5
2753
2722.5
2739
2395
1763
1804.5
2173.5
2052
1869
1784.5
1728
2195.5
2686
2737.5
2736.5
2728.5
2332.5
2227.5
2086.5
2069
2455.5
2649
2731.5
2769.5
2799.5
2809
2820.5
2595
1419.5
1347
1282
1272.5
1394
1461.5
1400.5
1419.5
1397.5
1493.5
1504
1550
1607
1613.5
1605
1621
1626.5
1613.5
1601
1617.5
1637
1638
1642
1608
1312.5
1177
1332
1609
1611
1480
1552.5
1581
1553
1495
1624
1638
1657.5
1656
1658
1674
1650
1693.5
1695.5
1699
1702
1671.5
1707
1705.5
1553
1411
1421.5
1418
1470.5
1543.5
1746.5
2237.5
2861
2979.5
2964
2945
2918.5
2940.5
2928
2924
2894.5
2908
2947.5
2973
2975.5
2974
2918.5
2451
1511.5
1584
1469
1499
1385
1419
1591.5
1651.5
1997.5
2234.5
2236
2237.5
2036
2145.5
2073
2118.5
2115
2079
2077
2105.5
2113.5
2110.5
2112.5
1771
1661.5
1646
1860
1862.5
1880.5
2009
1882.5
2058.5
2577.5
2753
2646
2798
2788.5
2787.5
2795
2726
2449
2673.5
2816
2812.5
2835.5
2853
2851.5
2675.5
1541.5
1291.5
1292
1295.5
1346.5
1483
1521
1524.5
1560.5
1559.5
1328.5
1535
1504
1525
1530
1567.5
1563
1539
1526.5
1544.5
1558
1558.5
1551.5
1575
1574.5
1454.5
1356.5
1078
1235.5
1156
1484
1522.5
1569.5
1565.5
1572.5
1576
1578.5
1597.5
1581
1609.5
1605
1593.5
1616.5
1615
1609
1670
1701
1703.5
1718
1713.5
1709.5
1690
1627.5
1605.5
1588.5
1782
2177
2227
2227
2204
2183
2182
2208
2212.5
2200
2189
2202.5
2215
2165.5
2139.5
2138.5
2128
1664.5
1499.5
1552
1605.5
1626
1621
1623
1624
1626
1626
1627
1619.5
1614.5
1603
1604
1603.5
1605
1621
1612
1616.5
1622.5
1621.5
1617
1619.5
1621.5
1612.5
1615.5
1614.5
1625.5
1678.5
1798
2106
2702.5
2796
2782.5
2830.5
2810
2813
2815
2829.5
2835
2819.5
2829
2833.5
2828
2830.5
2822
2820
2837
2835
2827.5
2824.5
2832.5
2836.5
2834.5
2827
2815
2811
2809.5
2803.5
2588
2801.5
2802.5
2713
2651.5
2695
2796
2793.5
2789
2793.5
2700.5
2723.5
1961.5
1562
1579.5
1596.5
1554.5
1564
1835.5
2614
2790.5
2798.5
2781
2727.5
2716
2748
2750
2750.5
2765.5
2779
2788.5
2794.5
2781.5
2820
2819
2647.5
1756
1611
1607
1611
1610.5
1611.5
1611.5
1789
2075.5
2207
2223
2221.5
2056.5
2216
2221.5
2204.5
2192
2219.5
2215.5
2216
2222
2233
2240
2233.5
1771
1628.5
1628.5
1630.5
1633.5
1633.5
1744.5
2060
2240.5
2245.5
2243.5
2230
2247
2252.5
2247
2241
2248.5
2246.5
2246.5
2254.5
2261
2269.5
2258
1639.5
1007
999.5
1003
1007.5
1005.5
1007
1006.5
1005
1004
999
994.5
993.5
993.5
992
990.5
988
989
991
990
991
993
989.5
994
993
1000
992.5
989.5
993
996
1002
1000
994
995.5
1003.5
1006.5
1007
996.5
996.5
990
980.5
980.5
991
983
990
989
999
1002
958
971
976.5
913
978.5
1002.5
1084.5
1246
1835
2451
2598.5
2811.5
2746
2751
2826
2829
2836.5
2827
2850
2863.5
2868
2861
2870
2867
2869
2641
1892
1888.5
1892.5
1906
1894.5
2469
2879
2887.5
2884
2887.5
2874
2850.5
2856
2827
2808.5
2813.5
2843.5
2857
2850.5
2877
2881
2881
2902.5
2919.5
2910
2913
2915
2909
2915
2914.5
2908
2904.5
2888.5
2899.5
2897.5
2681
2615
2615
2633.5
2874.5
2892
2858.5
2859.5
2866
2857.5
2854.5
2863
2884.5
2896
2893.5
2897
2898.5
2898
2894.5
2894
2895.5
2896.5
2897
2891.5
2888
2885
2880
2884
2808
2798.5
2860
2892.5
2892
2889.5
2897.5
2898.5
2898
2896.5
2894.5
2894.5
2896.5
2896
2894
2896.5
2892
2882
2626.5
2851.5
2882
2879
2852
2860
2860
2861
2873
2828.5
2839
2842
2800.5
2772.5
2308
1911
1631.5
1623.5
1636.5
1622.5
1618
1628.5
1633.5
1636.5
1636
1637.5
1632.5
1605
1607
1640
1665.5
1686.5
1703.5
1722.5
1750.5
1751
1753.5
1760
1759.5
1758
1757
1746.5
1754.5
1754
1781
1984
2226.5
2223.5
2258.5
2227
2113
2187
2106.5
2359
2360.5
2361.5
2347.5
2357.5
2363.5
2334
2083
2131.5
2347
2392
2394
2364.5
2359
2319.5
2325
2302.5
2380
2348
2357.5
2356.5
2340.5
2321.5
2328
2349
2357.5
2353.5
2353.5
2356.5
2357.5
2358
2358.5
2351
2178.5
1715
1714.5
1701.5
1706
1688.5
1742
2120
2226.5
2229
1742.5
2230.5
2232
2205.5
2201.5
2201.5
2209
2245.5
2272.5
2317
2345.5
2356
2358
2359
2351
2233.5
2245.5
2273.5
2301
2346
2356.5
2355.5
2357
2345
2330
2328.5
2324
2304.5
2266
2313
2343.5
2326.5
2242
2239
2240.5
2275
2265
2251
2074.5
1931.5
1942
1967
1878
1761
1868.5
1951.5
2245.5
2279
2276.5
2303.5
2325
2307
2277
2258.5
2227
2045
2069
2078
2128.5
2092.5
2085.5
2088
2001.5
1648.5
1609.5
1353
1294.5
1191
1434
1454.5
1501
1531
1510
1523.5
1612
1624.5
1623
1680
1688
1693
1697
1703.5
1716
1716.5
1675.5
1645
1488
1436
1423
1498.5
1499
1586.5
1592
1594
1585.5
1589
1592.5
1584
1570
1589.5
1593
1568
1403.5
1422
1434.5
1437.5
1437.5
1433
1256.5
1202.5
1191.5
1193
1332.5
1500.5
1524.5
1626
1639.5
1844.5
2127.5
2133.5
2139
2079.5
2235
2287
2282.5
2308
2338.5
2344
2353.5
2351.5
2315
2291.5
2286
2203.5
2124
2070
2169
2182.5
2157.5
2211.5
2283
2567
2849.5
2938.5
2958
2955.5
2949.5
2937
2925.5
2919
2905
2902.5
2914
2891.5
2880.5
2980.5
2994
2936.5
2861.5
2853.5
2861.5
2668
2690.5
2867.5
2870
2870
2868
2864
2833.5
2817.5
2781.5
2798.5
2814.5
2816.5
2804.5
2785
2793
2744.5
2724
2723
2698
2103.5
1479.5
1477.5
1471
1474.5
1477.5
1481
1484.5
1893.5
2639.5
2677.5
2619.5
2598
2599.5
2600
2578
2602
2632.5
2693
2717.5
2701.5
2711
2712
2700.5
2155
1786
1720
1491
1491
1492
1491.5
1492
1495
1492.5
1525
1575.5
529
923.5
1598
1606
1599.5
1562.5
1562.5
1564
1601
1609
1608
1609.5
1603
1623.5
1643
1652.5
1653.5
1652
1638.5
1752
2249
2852.5
2850.5
2830
2840
2867
2884.5
2898.5
2890
2845.5
2856.5
2907.5
2938
2930
2921
2938.5
3011
2559
1951
1787
1777
1770.5
1764
1765
1764
1763
1765.5
1767.5
1766
1771
1772
1762
1736
1735
1733
1743
1742
1762.5
1767
1766
1767
1768
1773.5
1777.5
1772.5
1764
1760.5
1763.5
1763.5
1769
1780
1778
1769
1777.5
1775
1775
1768
1771.5
1771
1773
1793.5
1796
1679.5
1680.5
1677
1678.5
1680.5
1676.5
1497
1368.5
1329
1579.5
2168
2704.5
2933
2938.5
2968.5
2969.5
2960
2943.5
2901.5
2892
2891.5
2888.5
2915
2979.5
3045.5
3088
2885.5
1892
1609
1597
1613
1619
1614.5
1666
1711
2093.5
2423
2442
2445
2410.5
2371.5
2380
2392
2405
2403.5
2382.5
2378
2368
2407.5
2429.5
2106
1706
1708.5
1694
1704.5
1694
1704.5
1599.5
1697.5
1698.5
1698
1668
1674.5
1666
1660.5
1655.5
1654
1648.5
1720.5
1937.5
2118
2057
2041.5
1837
1733.5
1730.5
1736
1740
1726.5
1735.5
1655.5
1758.5
2170
2647
3000
3008
2992.5
2985.5
3001
2946.5
2938
2977.5
3009.5
2996
2992.5
2995.5
3009.5
3013.5
2825
2056.5
2030.5
1912
1728
1730
1693
1728
1690.5
1736.5
1735.5
1736.5
1737.5
1725.5
1734
1727
1732.5
1735.5
1712.5
1711
1729
1738.5
1736
1735.5
1735.5
1731.5
1731.5
1729
1731.5
1726
1726.5
1799
2244
2789.5
2975.5
2969.5
2983
2998.5
2982
3006.5
3017
3017.5
3020.5
3009.5
3007
3000.5
3000
3000.5
2845.5
2673.5
2671
2672.5
2657.5
2675
2667
2672.5
2663
2666
2896
2918
2934.5
2934
2934
2924
2929
2936.5
2970
2969.5
3025.5
3026.5
3028.5
3028.5
2682
2325.5
2325.5
2325
2324
2365
2382
2382.5
2411
2840.5
3019
3019.5
3021
3004.5
3015.5
3022
3016.5
3032.5
3031.5
3027
3020
3022.5
3022.5
3020.5
3012
2722.5
1826
1734
1734
1731.5
1715
1710
1767
2206.5
2784
2990.5
2791
3019
2956.5
2969
2971
2951
2907
2899.5
2946
2964.5
2985
2984
2988
2800
1896
1734
1734
1722.5
1730
1731
1732
2173.5
2901.5
2975
2999
2975.5
2766
2956.5
2916.5
2875
2864.5
2903
2943
2949.5
2962
2986
2989
2968
2883.5
3020
3021
3022.5
3014
3021.5
3023
3024
3020.5
3019
2808.5
3023.5
3026
3029
3019.5
3021.5
3021.5
3016
3016
3016
3020
3024
3022
3026
3027
3024
3011.5
3015
3010.5
3013
2972.5
2981
3001
3005
3014.5
3021
3018
3010
3016.5
2997
2996
3041
3052.5
3067.5
3062
3064
3037.5
2359
1431.5
1408
1185.5
1099.5
1093.5
909.5
888.5
1089
1089
1086.5
1092.5
1094
1088.5
1106
1085
1077
1079.5
1085
1111
1110.5
1110.5
1113.5
1113.5
1112
1117
1114.5
1112.5
1116.5
1116.5
1117.5
1112
1107.5
1172.5
1432.5
1728.5
1757.5
1754.5
1760.5
1758
1759
1759.5
1766
1763.5
1760
1764
1748.5
1751.5
1736
1767
1753.5
1762
1761.5
1761
1811.5
1922.5
2317.5
2648.5
2912
2997
2998.5
2998.5
3003.5
3011
3009.5
3007.5
3016.5
2999
3001
3004
3011.5
3001.5
3007.5
3004
2997
2986
2991.5
2987.5
2976.5
2992
3007
2990
2982.5
2998
2994.5
2992
2999.5
2984.5
2951
2954
2966.5
2957
2955
2948.5
2948.5
2935.5
2672
2114.5
2315.5
2293
2221.5
2160
1874.5
1694.5
2102
2365.5
2371
2368
2180
2329.5
2336.5
2332.5
2337.5
2343
2332.5
2329.5
2377
2383
2380.5
2388
2391
2395.5
2398
2390
2396
2297
2103
2280
2627
2989
2980
2779.5
2993.5
2968
2942
2935
2916
2911.5
2954
2924.5
2929
2943
2941
2923.5
2695.5
2211.5
2210.5
2212.5
2184
1922.5
1644.5
1886
2205.5
2222
2210.5
2213
2216
2203
2199
2241
2247
2257.5
2256.5
2254
2260.5
2267.5
2258.5
1821.5
1621
1549
1539.5
1567.5
1425
1535.5
1460.5
1621.5
1624
1619.5
1602
1652.5
1683
1694
1695.5
1693.5
1697.5
1716
1725
1735.5
1734
1732.5
1720.5
1728.5
1729
1729
1726.5
1721
1727.5
1731.5
1728.5
1729
1726.5
1724
1725
1725.5
1731.5
1728.5
1724.5
1728
1725
1726.5
1723
1721
1730
1725.5
1726
1729.5
1729.5
1645
1691
1724
1737
1603
1375.5
1777.5
1970
2338.5
2361
2369
2357
2368.5
2374
2369
2359.5
2347.5
2356.5
2370.5
2366.5
2366
2365
2370.5
2198
1724
1725
1724
1722
1681
1692
1683
1749.5
1751.5
1742
1747
1740
1719
1745.5
1746
1755.5
1754.5
1755
1756
1753.5
1743.5
1702.5
1637
1622.5
1441.5
1263.5
1230.5
1010.5
1143
1180
1310.5
1526.5
1622
1644
1640
1637
1620.5
1632.5
1629.5
1634
1637
1599
1640.5
1642
1640.5
1638.5
1637.5
1636
1629.5
1631.5
1634
1635.5
1633.5
1594
1597
1509.5
1506.5
1511.5
1505.5
1509
1503.5
1471
1402.5
1389.5
1389
1389
1380.5
1440
1489
1514
1522
1518
1522
1520.5
1520
1517
1517.5
1518.5
1521.5
1522.5
1521.5
1520
1520.5
1520.5
1517.5
1517.5
1516.5
1517
1516.5
1514.5
1517
1518.5
1516.5
1519
1519.5
1511
1516
1510
1497.5
1496.5
1497.5
1506.5
1510.5
1508.5
1519.5
1518
1516.5
1519
1520.5
1513
1509.5
1508.5
1506
1508.5
1510
1511.5
1512
1530.5
1571.5
1596
1615
1615.5
1607.5
1611
1619.5
1625.5
1626
1634.5
1634
1630.5
1626
1635
1627.5
1621
1630
1632
1615
1584
1623.5
1705.5
1733.5
1738.5
1743.5
1750
1749
1741
1743.5
1749
1733.5
1823.5
1883.5
2033.5
2049
2049.5
2111.5
2087.5
2091.5
2080
2217
2371.5
2368
2376.5
2391.5
2386
2395
2378
2354.5
1901
1741.5
1746.5
1735
1746
1746
1742
1733
1736.5
1740.5
1747
1753.5
1741
1744
1737
1728.5
1748.5
1732
1732.5
1748.5
1743.5
1727
1700
1700
1699
1771.5
2180.5
2332.5
2323
2337.5
2335.5
2334.5
2338.5
2335
2336
2330
2331.5
2334
2322
2306
2308.5
2348.5
2379.5
2398.5
2379.5
2370.5
2362.5
2367
2369.5
2379.5
2377
2379.5
2356.5
2378
2385
2381.5
2324.5
2362
2380.5
2349.5
2327.5
2333
2347
2348.5
2311.5
2309.5
2316
2326
2334.5
2338.5
2352.5
2333
2294.5
2313.5
2350.5
2350
2350.5
2341
2342
2342.5
2342.5
2348.5
2350
2350.5
2352.5
2353.5
2355
2353.5
2353
2354.5
2347
2363.5
2410
2459
2557
2683.5
2722
2730.5
2794
2838
2842
2841
2829.5
2835
2833
2823.5
2842
2823.5
2841.5
2839
2841
2838.5
2837
2834
2825
2840.5
2839.5
2842
2842.5
2841.5
2838.5
2845.5
2847
2846.5
2837.5
2837
2825
2839
2836.5
2829.5
2763.5
2766
2779.5
2772.5
2837.5
2847
2847.5
2852.5
2842
2843.5
2824
2794
2747
2730
2731
2771.5
2837.5
2845.5
2845.5
2844.5
2845.5
2848.5
2847
2849
2736.5
2606
2686.5
2806
2841.5
2835
2820.5
2798
2841
2848
2869
2858.5
2847
2847
2843
2848.5
2848
2848.5
2847.5
2847.5
2844.5
2734.5
2666.5
2797
2825.5
2844.5
2828.5
2795.5
2775
2806
2802.5
2790.5
2800
2843.5
2845
2844.5
2844
2845
2845
2847
2847
2846.5
2836.5
2825
2769.5
2709.5
2813
2822.5
2830
2833.5
2838
2830
2835
2824
2830.5
2823
2823.5
2815
2814
2820.5
2841.5
2829.5
2716
2005
2579.5
2738.5
2557.5
2415
1959.5
1852
2731.5
2829
2823
2817
2826.5
2823.5
2861
2866
2855
2835.5
2838
2814
2845
2841
2846
2832.5
2847.5
2839
2764.5
2749.5
2724.5
2726.5
2728.5
2760.5
2709.5
2684
2680
2693
2718.5
2760
2780
2775
2773
2757.5
2777
2824
2831.5
2826.5
2824
2812.5
2758.5
2729
2727.5
2730.5
2726.5
2723.5
2725
2712.5
2708
2707.5
2709.5
2706.5
2697.5
2696
2697.5
2697.5
2692.5
2689.5
2690
2690
2690
2691
2693
2680.5
2552
2013.5
1994.5
1990.5
1997.5
1998.5
1994.5
1993
1902.5
1903.5
1912
1913.5
1950
2028.5
2029
2065.5
2076
2074.5
2068.5
2080.5
2092.5
2110.5
2121
2075.5
1850.5
1498.5
1282.5
1653
1419.5
1310.5
1630
2181.5
2619
2757
2746
2750
2758
2763.5
2758.5
2749.5
2745.5
2753.5
2764.5
2771.5
2780
2831
2865.5
2873.5
2873
2873.5
2891.5
2901.5
2899.5
2875
2886.5
2896.5
2894
2893.5
2873
2893.5
2891.5
2861
2860.5
2824
2832
2863.5
2887.5
2887
2904.5
2904.5
2960
2983.5
2986
3028
3044.5
3049
3049.5
3040
3006.5
3006.5
3027.5
3032
3042
3040.5
3041.5
3036.5
3037.5
3033.5
3045
3043.5
3046.5
3033.5
3024.5
3038
3041.5
3016.5
3021.5
3029
3029.5
3028
3019
3014
3010
3004
2961
2981
2978.5
2923
2889.5
2883
2778
2705.5
2718.5
2734
2736.5
2750.5
2768.5
2793.5
2806
2801
2651.5
2154.5
1869
1545.5
1554.5
1680.5
1802.5
2118.5
2131
2095
2092
2074
2121.5
2127
2122
2131
2190
2185
2188
2230
2280
2287
2290.5
2288.5
2087
1494.5
1344
1120.5
1373
1431
1068
1094
1487.5
1699.5
1740.5
1727
1741
1745
1740
1739
1739
1733
1733
1737.5
1741
1737.5
1740.5
1737.5
1733.5
1736.5
1738.5
1741
1739.5
1740
1746
1745
1738.5
1795
1868
2179.5
2256.5
2259.5
2306.5
2314
2325.5
2375
2466.5
2776.5
2950
2947.5
2937.5
2930.5
2906
2933
2880.5
2882
2890.5
2891
2892
2892.5
2893
2890.5
2889.5
2902
2907.5
2920
2961
2979.5
2980
2981.5
2977.5
2978
2981.5
2982
2929.5
2905
2897
2497.5
2357.5
2349.5
2360
2414
2425
2427.5
2424.5
2497
2870
2902.5
2169.5
0
2429
2896
2909.5
2914
2933.5
2935.5
2931.5
2933.5
2865
2837.5
2781.5
2035.5
1718.5
1714.5
1711.5
1713.5
1679
1685
1900.5
2652.5
2834
2232
2138
2160.5
2159
2154
2197.5
2245
2234.5
2226.5
2227.5
2249.5
2259.5
2254
1835
1391.5
1175.5
1572
1415.5
1345.5
1339.5
1202.5
1928.5
2217
2214
2213
2222
2228
2230
2236
2237.5
2238.5
2239
2269
2269.5
2273.5
2273.5
2271
2269
2268.5
2277
2279
2279
2278
2287.5
2294.5
2243.5
2210
2201.5
2199.5
2202
2255.5
2311.5
2300.5
2307
2315
2315
2303.5
2297.5
2290
2277.5
2266.5
2273
1952.5
1646.5
1648
1648
1478.5
1559
1546
1843
2201.5
2284
2294
2291
2279
2299.5
2295
2295
2295.5
2276
2278
2279.5
2279
2284
2290.5
2239.5
1950.5
1952.5
1949
1951
1951.5
1958.5
1952.5
2050
2302
2299.5
2302.5
2298.5
2305
2305
2289.5
2291.5
2296.5
2299
2301
2297.5
2299
2296
2295.5
2299
2305.5
2302.5
2294
2297
2296.5
2326.5
2376
2428
2669
2905.5
2914
2926
2923.5
2928.5
2934
2935.5
2931
2908
2905
2921
2940.5
2954
2961.5
2800
2215.5
2092.5
2046.5
1923
1886.5
1901
1523.5
2370.5
2897
2970
2995.5
2993
3012
3021.5
3001.5
2989.5
2997
2997.5
3015
2942
2928.5
2933
2841.5
2352.5
1551
1384
1431.5
1443
1442.5
1439
1732.5
2464.5
2835.5
2821.5
2807
2836.5
2781.5
2835.5
2903.5
2967
2970.5
2970
2984
2971
2924.5
2927
2929.5
2648.5
2053
1987.5
1996
1995
1944.5
1911.5
1908.5
2256
2761
2769
2778.5
2761
2821.5
2871
2871
2866
2844
2855.5
2841.5
2863
2849
2805
2757.5
2451
2139
2134
2137
2137
2223.5
2206.5
2167
2368
2797.5
2788
2768.5
2759.5
2761
2775.5
2764
2753.5
2736
2730.5
2743
2721
2809
2809.5
2750.5
2113
1505
1510.5
1511
1507.5
1511.5
1511
1506.5
1525.5
1431.5
1568
1565
1570
1567
1577
1577.5
1580
1596.5
1592
1586
1595
1589.5
1592.5
1562
1596
1596.5
1613.5
1599
1599.5
1601
1603
1602
1601.5
1602
1604
1607.5
1621
1637
1632.5
1636
1637
1659.5
1659.5
1661
1695
1722.5
1728
1730.5
1728.5
1729.5
1731
1743.5
1739.5
1452.5
1451
1742
1776
1754.5
1759.5
1757
1754.5
1753
1749.5
1749
1744.5
1728
1726.5
1732.5
1733.5
1735.5
1738
1735.5
1738.5
1730.5
1734
1731
1732.5
1734
1730.5
1727.5
1730
1730
1730
1725.5
1730.5
1732.5
1729
1727
1716.5
1720
1726
1727
1728
1729
1657
1691.5
1719
1757
1776
1770.5
1754.5
1725.5
1721
1762
1779.5
1762
1775.5
1772.5
1765
1771.5
1768
1751
1770.5
1775
1778
1778.5
1778.5
1777.5
1778.5
1776.5
1778.5
1778
1776
1780
1776.5
1800.5
1849.5
1907.5
2121.5
2271
2409
2414
2426.5
2414.5
2413.5
2422.5
2425
2424.5
2420.5
2413.5
2417.5
2418.5
2418
2392
1929.5
1354.5
1205
1225.5
1095
1073.5
1073
1100.5
1216.5
2020.5
2074
2280
2287.5
2408.5
2411.5
2405.5
2415.5
2422
2424
2419.5
2422.5
2419.5
2419
2388
1932.5
1670
1676
1648
1598.5
1480.5
1374
1525.5
1523.5
1686.5
1705
1658.5
1620
1640.5
1640.5
1638.5
1643
1641.5
1752
1782
1779.5
1773
1780
1759.5
1693.5
1684
1684.5
1653.5
1629
1512.5
1535.5
1514.5
1568.5
1485
1519
1549.5
1596.5
1689.5
1696
1695
1687.5
1740.5
1744
1745.5
1788
1792
1793.5
1785
1770
1757.5
1745
1736
1712
1719
1695.5
1689
1723
2072
2242.5
2292.5
2310.5
2311.5
2289
2196
2084.5
2112.5
2105
2207
2008.5
1745
1585.5
1458
1436
1174.5