26755000
27015000
25955000
25016000
23921000
23852500
24920500
24618000
25631000
28389000
31089500
33422000
34907500
34962000
34648000
34878500
37836000
39422000
38028000
36174000
33798000
31443000
28606000
26804500
26575500
26734000
26285500
26261000
26078000
26802500
29838000
34093500
37363500
40176000
41548500
42214500
42804500
42632000
41976000
42283000
44613500
46123500
45076500
42550500
39278000
35226000
30859500
27547500
26976000
26622000
26441500
26056500
25886000
26452500
29689000
34640000
37689500
39709000
40470500
40811000
41218000
40848000
40806500
41279000
44070500
46079500
45181500
43327000
40325500
36459500
32459500
29855500
30088000
29644500
29030500
28676000
28504000
29685000
32939000
38062500
40536000
41704500
41844500
42313000
42512000
42457000
41930500
42225000
44872000
46844500
46057000
44210500
41272000
37588500
33713000
30786500
30788000
30356500
29464000
28770500
28348500
29361500
32874000
38277000
41273500
43042500
43912500
44548500
44638500
43854500
43348500
43209500
45310500
47089000
46329000
44505000
41664500
38058500
34260000
30990000
30010500
29437500
28554500
28273500
27484000
27298000
28868000
30288500
33344250
36584000
38310000
38748500
38755000
38420500
37780500
37933000
41033000
43396000
42703000
40829500
38444000
35707500
32906500
30251000
29474500
29650500
29036500
28362000
27625500
27478500
28455000
29558500
30895500
34756500
37542500
39007500
39865500
39153500
39462000
39932000
43505000
46181500
44989000
42772000
39973500
36431000
32609000
29474000
29778500
29941000
29199500
28806500
28654000
29662000
34547500
41204000
43480000
45121500
46066000
46900000
47271500
46953500
46100500
46781500
48445000
48804000
48374000
47058500
43865500
39460500
34892500
31746000
31658000
31571000
30895000
30573000
30260500
31203000
35373500
41797000
44228000
45239000
45871000
46377500
46438500
46381500
46027500
46467000
47516500
48322000
47918500
47052500
44240000
39755000
35201000
32282500
31947500
31651500
31067500
30435500
30035000
31132000
35401000
42226000
44182500
45335500
45972000
46094500
46224500
45239500
44828500
45111000
46916000
48318500
48196000
47404500
44558000
40141500
35344500
32419500
32212000
31628500
30763500
30158000
29767000
30784500
35209000
42012000
44412000
45834500
46208500
46639000
46691000
46356500
46009000
45806500
47595500
48448500
48095000
47345500
44766000
40451000
35809000
31720500
31451000
31795500
31173500
30401000
29806000
30673500
34877500
41130500
42892500
43889500
44174000
44227000
44378000
44179500
43319000
43151750
45296000
47101500
45523000
43513000
40609500
36927500
33122000
29755000
29030500
29135500
28473500
27578500
26847000
26794000
28392500
30278000
33752000
37128000
38455000
39031500
39005500
39145500
38680000
39025500
41556000
43742000
43014000
41003000
38447500
35560500
32609500
30168000
29902500
29614000
28971500
28122500
27477000
27354500
27851500
28512000
31031000
34740000
37390000
38640000
39208500
39145500
38542000
39139000
41795000
43402500
42446500
39934500
37297000
33436000
29504000
26160000
26527000
26862000
26340000
25984500
25566500
26652500
31632000
38074500
40117500
41509500
42727500
43378500
43183500
41933500
41360500
41416500
43621500
46640500
46061500
44272500
41061500
36782500
32379000
28276500
28107000
28596500
27823500
27140000
26803500
27971000
32556500
39147500
41078000
42315000
42480000
42745500
42828000
42418000
42319500
42860000
45573500
47667500
47099500
45684500
42290500
38071000
33539000
29783000
29129500
29494000
29017500
28708000
28467500
29684000
34006000
40137500
41838500
43446500
43723500
43820000
43669000
43147000
42956000
43179000
45723500
48462500
47757000
46141500
43109000
39178500
34856000
31765000
30716500
30319500
29600000
28964000
28734500
30050500
33777500
40219000
42299500
43867500
44426000
44598500
44444500
44147000
43749000
43860500
45928000
47981000
47410500
46311000
43397000
38764000
34016000
31724000
31277000
31180000
30439500
29855500
29320500
30474000
34875000
41092000
42952000
43948500
44571000
44211000
43901500
43040000
42504500
42384000
44552500
47395000
46561500
44913500
42075000
38389500
34520500
31714000
31593500
31203500
30710500
29782000
29239500
29730000
30831500
33577000
37278500
40474000
42065500
42856000
42726500
41864000
41441000
41167000
42953000
46128500
45555500
43110500
40507000
37549500
34218500
31672000
31768500
31505500
30816000
30114000
29557000
29067000
29887500
30816000
32721500
36710000
39423500
41019500
41985500
41769000
41503000
41515500
43223000
44473500
43726000
41627500
38785000
35105500
31450000
28121500
28537500
28636500
28084000
27666000
27329000
28400500
32772500
39795000
41941000
43070000
43288500
43495000
43212500
42768000
42188000
42392500
44810500
46707000
46131500
45038500
42030000
37589500
32914500
28911500
28573500
28593000
28236000
27875000
27176500
28327500
32087500
37955000
39666000
40510500
39962333.33
39622416.67
39282500
39748500
39287500
39279500
41511500
44558000
43428500
41910000
39219500
35068000
30791500
26889000
26073500
26154500
25678000
25238500
24488500
25702500
30054000
36414000
38129500
39232500
40081500
39317500
40540500
40540000
40167000
40200500
42327000
45294000
44672000
43222500
40259000
36157000
31810500
28990500
28101500
28315500
27889000
27427500
27015000
27997500
32403000
39084000
41028000
42222000
42676000
42550500
42400000
42035000
42216500
42245000
44687000
47571500
47062500
45997500
43258000
39104000
34632500
31808500
31968500
31442500
30922000
30136500
29695000
30846000
34718000
41204500
43811500
45123000
45489000
45516000
45064000
43926000
43322000
42886000
44438500
47437000
46578000
44608000
41587500
37602000
33451500
30055500
29304000
28829500
28450000
27511000
26502500
26348000
27622000
29061000
32430000
35396000
36452500
36929000
37106000
36590500
35749500
35585000
37345500
40675500
39876000
37221000
34532500
31894500
28844500
26357000
26135000
25565500
25053000
24693500
24575000
24775000
25623000
26898500
28194500
31514000
33614000
34378500
34754000
34155000
33918000
34442000
36852000
40077000
39287500
37226000
34374000
31052500
27602000
25047000
25255000
25677500
25039500
24521000
24178000
24970000
29831000
36441500
39033500
39823500
40197500
40843500
40972000
40369000
40394000
40817500
42610500
46063900
45749600
44639500
41862500
37905500
33477000
30005000
29376000
29390500
29021000
28599000
28458000
29670500
34104500
40533000
42596500
43866500
44217000
43688000
43157000
42548000
42004500
42242000
43844500
46851000
45944000
44326000
41104500
36584000
31996500
27724500
27599500
27715000
27273500
26533000
26021500
27144500
31266000
37795000
39310500
40407000
40897500
41103000
41403500
40554500
40652500
40822500
42846500
46584000
46215000
44534000
41685000
37527500
33098500
29372000
29138500
29229500
28921500
28087000
27658000
28974500
33268000
39147000
40818000
41906500
41694000
41756500
41910500
41383500
41348500
41517500
42675000
46255000
46132500
44361500
41642000
37394500
32887000
29903500
29734500
29487500
28987500
28524000
28243000
29533000
33717500
40421000
42524000
43606000
44229000
44480000
44141500
43780000
43469000
42972000
44110500
47149000
47023000
45162500
42324000
38650500
34923500
31947000
31477500
31410500
30616500
29799500
29009500
29122500
30815500
32804000
36251500
39010000
40178000
40970000
41147500
40490000
39896000
39597000
40870500
43828500
43377000
41406500
38549000
35570500
32729500
30654000
30983500
30356500
29652000
28963000
28408500
28351000
29422000
29796500
32263000
36107500
38024500
39282500
40010500
40266000
39446500
39976000
41955500
45297000
45251000
43744500
40995500
37907500
34032000
30995000
31379500
31488500
31056500
30508000
30122000
31424500
35840000
42471500
45253000
46925000
47154500
47309000
47295000
47322500
46290000
46539500
47225500
48634000
48804000
48252500
45738500
41431000
36366500
32989500
32822500
32950000
32473500
32021000
31534000
32605500
37083000
43626000
45259500
46451000
46616000
46965500
47390500
47657000
46384000
45974500
46951000
47901500
48127500
48137500
45434000
40848000
35970000
32141000
31923500
31975000
31478500
31115500
31183500
32013500
37120500
43581500
46110500
48078000
47986000
47916000
47548500
46372500
45848500
45497000
46333500
48037500
47810500
46807500
44996500
40401500
35508000
32065000
31719000
31613500
30885000
30483000
30110000
30610500
36050500
42335500
44498000
45893500
46043500
45950000
45474500
44671000
44503500
44450500
44276000
45933500
46104000
45072000
42285000
37958000
33426500
30253500
30098500
30282500
29590000
29046000
28804500
29866500
34386000
40070500
42205500
43311500
43731500
44079000
44115000
43148500
42662500
42152000
43155500
46362000
46872500
45055000
42974000
39141500
35157500
31618000
30975000
30813000
30288000
29349000
28148500
28019000
29463500
30823500
34612500
37847500
39150500
39509500
39565000
38664250
38281500
38211500
39365500
41462500
41439500
39602000
36537000
33291500
30080000
27324500
26554500
26539000
26083500
25506500
24964500
25084500
26202500
27418000
29967000
33274500
35024500
36046000
36586000
35983000
36011000
36524000
38244000
41732500
42143000
40834500
38304500
35203500
31520500
29021500
29286000
29365500
29019500
28726500
28626500
29304000
34191500
39675500
43464500
45299500
45240500
44849500
44638000
44013500
43832500
43649500
43556500
46049000
46445500
45093000
42358000
37929000
33359000
30414500
29631500
29668000
28975500
28509500
28092500
29179500
32723000
37950000
41433500
43570500
44537500
45417000
45963000
45492000
45494500
45366500
45412000
46856500
47453500
47155000
45023000
41059000
36243500
32314000
31981500
32183000
31932500
31383000
30638500
31243500
34660000
38574500
41270500
43353500
43996000
44295000
44749000
44524000
44337500
44276000
44842000
46930000
47027000
45376000
42789500
38625500
33937000
30435500
30385000
30439000
30023000
29412000
28858500
29664500
33375000
37511000
40092500
41431000
41088000
40954000
41056000
39916500
39515000
39502500
40644500
44246500
45806000
44781000
42444000
38303000
33907000
30988500
30842000
30811000
30386000
29718000
29190000
30056500
34164500
39184500
42140500
43490500
43506500
43274500
42493000
41799500
40795000
40428000
40605500
43896000
44847000
42868500
40183500
36551500
32711500
29431000
29359000
29604500
28733500
28386500
28029000
27927000
29181500
31695500
35137000
38306000
39372000
39343000
38927000
37541000
36635500
36283000
37895500
41324500
42685500
40706500
37761000
34985000
32273000
29720500
29375000
29616500
29257000
28754500
28262500
28201500
29005500
29670500
31833000
34865500
36954500
37977500
38585500
38522000
37871500
38193000
39733500
42545500
43003500
40993000
38375500
35250000
31752000
29002500
29370500
29634500
29101000
28688500
28321000
29061500
33331000
39018000
41820000
43781000
44488500
44795500
44716000
44292500
43504000
43141000
43796500
45806000
46709000
45444500
42516000
37984000
33287000
29482000
29418500
29305000
28449500
27849500
27446500
28394500
32593500
37850500
40078500
41516500
41743500
41399000
41543500
41188500
40379500
40599000
41595500
44384500
45835500
44620500
42339500
38753500
34077000
30723000
30610000
30462000
29920000
29584000
29399000
30375500
34684000
40183000
42940000
44355000
44564500
44738500
44833500
44704000
44039500
43971000
44498500
46581500
47645000
46272500
44000000
39751500
34967500
31662000
31593500
31690000
30806500
30503500
30149000
31108000
35020000
40432000
43008000
44487000
44346500
44461500
44492500
44241500
43033500
42715500
43547500
46195000
48146000
46801500
44516000
40096000
35176500
32302000
31823500
31822500
31460500
30918000
30933000
31381000
35488500
40897500
43391000
44526000
44493000
43840500
43412000
43184000
41860500
41445000
41664000
44310500
45685000
44362000
41593000
37733000
33850500
31447500
31338500
31308500
30552500
29867500
29121500
29349000
30110000
32586000
36313000
38567000
38847500
38738500
38235000
36842500
35870500
35502000
36808000
39757500
42009000
41062000
38237500
35147000
32220500
29407000
29379000
30102500
29292500
28939500
28378500
28455000
29278500
29723000
32547500
35271000
36843000
37815000
38211000
37575000
37126500
37129000
38641000
41500000
44217500
42744500
40182500
36620000
32740000
29791000
30164000
31007500
30483000
30285000
30115000
30526500
35769500
41322500
44094500
45857000
46255500
46726000
46862500
47651000
46405000
46740000
47517500
48358500
49141500
48435500
47086500
42859000
37562500
33453000
33545500
33737500
33007000
32728000
32583500
35610000
39615500
45423000
47920000
49457500
48989500
49241500
49266500
49496000
48371000
47072500
47034000
48349500
49155000
48592500
47554500
43945500
38599000
34623000
33925500
33780500
33924500
33909000
34527500
35606500
39573500
44496500
46669500
48043500
47492000
47724000
47892500
48845500
47181500
46304500
46482000
48157500
48658000
47205500
45480500
41382500
37520500
34123500
33751500
33670500
32714500
32410000
31991500
33115500
36228000
41772500
43806500
46391500
47430000
48130000
48473000
48515500
47120000
46581500
47424000
48859000
50004500
47413000
44189500
40120500
35596500
33307500
33570500
33679000
33273500
32682000
32379000
33309500
35733000
39697000
43652000
46270000
47457000
47959500
48176500
47525500
46588000
45510000
45749500
48004500
48971500
46466000
43109500
39279500
35704500
33488000
33583500
33394500
32851500
32445000
31881000
32027000
32556000
34171500
37621000
41379000
42715500
43110000
43293000
43275000
41824500
41374500
42510000
44638000
45719000
43873500
41425000
38337500
35088000
33520500
33419500
33102500
32089500
31697500
30939000
30738500
31088500
31573000
33775000
37304000
39531000
40804500
41671000
42204000
41225000
41484500
42653000
44158000
45227500
43764000
41258000
37928500
34395000
31626000
31997000
32342000
31627500
31278500
31290000
32396500
36437500
41771500
43868500
44945500
45206500
45439500
45712500
45720500
44875000
44769000
46202500
47878000
49094000
46990500
43481500
39287000
34537000
30505000
30731000
30988500
30278000
29710500
29351000
30636000
34880000
40271000
42858500
44054500
44282500
44134500
44196000
44529500
43987000
43860500
45020000
46795000
48574500
47373500
44692000
40726500
35942500
31809500
31675000
32020500
31663000
31210500
30860000
32218000
36171500
41239000
43122000
44432500
44640000
44384500
43412500
43528000
42279000
41675500
43087500
44445000
46747000
45865500
43116000
39409500
34775500
31839500
31763000
31377000
30835000
30358500
30019500
31158000
34835500
39636500
41589500
43125500
43728000
43959500
43944000
42839000
41579500
41043000
42666000
43660000
46166500
45535500
43115000
39189500
34520500
31633500
31664000
31542000
30961000
30404000
30190000
31475500
35272000
40499000
42320500
43716500
44093500
43599500
43528000
43165000
42228500
42008000
42727500
43747500
44849500
43671000
40988000
37162500
33244000
30511000
30605000
29795500
28716000
27755500
26955500
27307500
28461000
30208000
33878000
36054500
36361500
36566500
36770500
36030500
34998500
34707000
35157500
36917500
39044000
38554500
36181500
33369500
30942000
28999000
29196000
29135000
28477500
27630000
26896000
26763000
27785000
28627000
31457500
34446000
36144000
36720000
37014500
36563500
35659500
35621500
36295000
37771500
39882000
39326500
37295000
34452000
31126000
28695500
28777500
28710000
27894000
27361500
27061500
28376500
32680500
37976000
40472500
42075000
42651000
43246000
43449000
42913500
42585000
42344500
43835000
45284000
46374500
45112500
42457000
38515000
34016000
30994500
30744500
30617000
29952000
29490500
29091000
30617500
34595500
40088000
41744500
42925000
42934500
42831000
42985000
42397000
41416500
41058000
42392000
43502500
45384500
44932000
42446000
38206000
33509500
30705000
30210500
29738500
29087500
28649500
27831000
28837500
32665500
37474500
39261000
39564500
39268000
39172500
36503500
38829000
37556000
37803500
39266500
40513000
42310000
41786000
38747000
34589000
30069500
27299000
27231000
27034000
26525500
26091000
25858000
27221500
31151000
36477500
38850000
40083000
40699500
41158000
41137000
40703500
40505000
40552500
41205500
42047500
43615500
43031000
40709000
36827000
32297500
28545000
28749000
28750500
27798500
27096000
26667500
27895500
31660500
37084000
39635000
40843500
40874500
40678000
40567500
39635000
38914000
38523500
38274500
38892000
41069500
40558000
37833000
34314500
30770500
27612000
27677500
27908000
26917500
26345000
25733000
25949000
26986000
29943500
33666000
36713500
37912000
38841500
39106000
38880500
38191500
37825500
38482000
39988000
41201000
40489500
38258500
35523000
32386000
29553500
28895000
29381000
28847000
28102500
27398000
27256500
27874000
28921000
31763500
35494500
38131000
39487500
40499500
41476000
40488000
40785000
41524000
42148500
43788000
43029000
40441000
36909000
33013000
29700000
30619500
30817000
30393000
30193000
30013000
30919500
35023000
40600000
43210000
45229000
46030500
46962000
46840000
45598000
43790000
43535000
45173000
46658500
48374000
48237500
45341000
41157500
36101000
32077000
32399500
32981500
32164500
31466000
31231500
32601500
36416500
41676500
43764000
44643500
45107500
45433500
45244000
44988500
43924000
43630000
44969000
45971500
47822000
47890000
45353000
41288500
36509000
32451500
32057000
32807000
32250000
31644000
31361000
32497500
36570500
41374500
42928500
43456000
42613000
42730500
42250000
41542000
40147500
39651000
41006000
42550500
44265000
44341500
41496500
37059000
31997500
28407500
28536000
29023500
28263500
27534500
27579000
29838000
34257500
40501000
41993000
42529000
42654500
42632000
42670500
43716000
41016500
41045500
42569000
43666500
44705500
43590500
40824000
36538000
31784000
27855000
27964000
28227000
26862500
26082000
26134500
26876000
30715500
35945000
37252500
38434500
39465500
38910500
38819000
38425000
37908500
38788000
39351000
40575000
42567500
42339000
40212000
36788000
32877000
29904000
29269500
29585500
28929500
28016000
27314000
27573000
28491500
31136000
34932500
37283000
37820500
38285500
38205000
37177000
36512000
36034500
36857500
38470000
39661000
39491500
37186500
34514500
31533000
29840000
29227000
28961000
27947000
27045000
26640500
27199000
27875500
29588000
32098500
33791000
35263500
36329500
35970000
34912500
34656500
35067500
36238000
36926500
37060000
37120500
34888000
31411000
28510500
26946000
27600500
28162500
27696000
27513500
28855500
33029500
38318500
39727500
40065500
39917000
40233500
41763000
42020500
41222000
41580000
41495000
42102500
41818500
41455500
40527500
37105000
32350500
27984500
26563500
27329000
27790500
27358500
27143500
27769500
31392500
36639000
38841000
39583000
39935000
40070500
40391500
39795000
39439500
39125000
40921500
41193500
40857000
41069500
40265500
37209500
32976500
29744500
28130500
28676500
29224500
28856000
28829500
29888500
33595500
39530500
41246000
41892500
42298000
42737500
43024000
42192000
41984000
40870000
42652500
43207500
42785500
42388000
42062000
39254500
34914000
31853000
29837500
30421500
31309000
31162500
31100000
31782000
35161500
40289000
41804500
41873000
42228500
42486000
42426500
41734000
41651500
41727500
41912500
42213500
41623500
41328500
40227000
37294500
33418000
30722500
28693000
29011500
29156000
28518000
27975000
28267500
29030500
32335500
34184000
35438500
37064500
37423000
37531000
37662000
37747000
37438500
38095000
39156000
38910500
38182000
36838000
34315000
30879000
27811500
26466000
26770000
27125500
26654000
26268000
26298000
27520000
29571000
32272500
34301500
35627500
36197500
36484000
35902500
35461000
35437500
36300000
37021000
36966000
36279500
35829000
34248000
31384500
28532000
27295500
27519500
27939000
27526000
27382000
27216500
27710000
28290000
30108500
32543000
34863000
35915000
36698500
36108500
35515000
35798000
35768500
35875000
35419500
35586500
35443500
33438000
30631000
27582000
25588000
26690000
27088500
26743000
26424000
26535000
27666000
28650500
30329500
32705500
34361500
35228500
35986000
35904500
35795500
35946000
36696000
38145500
38068500
37385500
36664500
33930000
30274500
27617000
26232000
26874000
27239500
26807000
26868500
27338000
30320500
35059500
37855000
38846000
39082000
39122500
39361000
38886000
38376500
39034500
39894000
40965000
40726000
40243500
39640500
36583500
32335000
28389000
27275500
27625500
28034000
27576000
27190000
28223500
31232000
35525500
38034000
38858000
39372000
39786500
40394500
39665500
39221000
38659500
40045500
40568500
40073500
39957500
39192000
36085000
31823500
27452500
26083500
27045000
27475500
27029000
27155500
28565000
32048500
36437500
38399500
38811500
39027500
39561500
40230500
40180500
40076000
40162000
40939500
41829000
41329000
40248000
39553500
36445500
32092000
27977000
26429000
26809000
27227500
26842500
26441000
27339500
29771500
33347000
36034500
36513000
36694500
36658000
36916000
36345000
36331000
36432500
36333500
37230500
36853000
35880500
35487500
33471500
30181000
27474500
26246000
26816500
26846500
26185000
25801500
26133000
26832000
29258500
32702000
34848500
35430500
35756500
35779000
35062500
34254500
34208500
34946000
36317000
36029000
35545500
35101000
33501500
30739000
27699500
26510000
26527500
26386000
25904500
25262000
25364000
26232000
27305000
29401500
32054000
33786500
35219000
35886000
35868000
35704500
35486000
36249500
36956500
36702000
36255500
36170500
34273000
31210000
28077000
26486500
26990000
27363000
26877000
26616000
27893500
31165000
36147000
39356500
40502500
41011500
41271500
41531000
41377500
41486500
41020500
40980000
41552000
41078000
40603500
39430500
36225500
31868000
28386500
26518500
26998500
27044000
26348500
26193000
27339500
30292500
34762500
37756000
38942000
39245000
39474500
39647000
39498500
39404500
39999000
40463000
40800000
40642500
39906000
39249500
36513500
32390500
28866000
27150500
27446000
27634000
26976000
26942000
27885000
30496500
35393000
38404000
39674000
40251000
40790000
41148500
41027000
40765000
41596500
41154500
41651500
41284000
40344500
39616500
37121500
33458500
29546000
27478500
27600500
28113500
27767500
27578000
28460000
30907000
35654500
38417000
39332000
39680000
40147500
40445500
40504000
40791500
41711500
41766500
41910000
41577500
40682000
40032000
37287500
33152000
30001000
28289000
28507000
28962500
28521500
28265500
29279000
31810500
36737500
39580000
40869000
41437500
41766000
41606500
41165500
40920500
40585500
40656500
40999000
40741500
40095500
39308500
36860500
32923000
29708500
28015500
27993000
28019500
27503000
26958500
26562500
27544500
29295000
31277000
33676000
33917000
34697500
34136500
33313500
32801500
32867500
33328000
34607000
34980500
33994000
33575000
31812000
29285500
26475500
25331500
25461500
25416500
24583500
24130000
24214000
24595000
25090500
27636500
30029000
31357000
31736500
32784000
32742000
32470500
32906000
34076000
34620000
34386000
33968000
33772500
31810000
28693500
25024500
24024500
24629000
24840000
24339500
24252500
25647000
29010000
33935000
35526500
35541500
36601000
37280000
37262000
36616500
36055500
36563500
37143500
37863000
37363500
36391000
35853000
33243500
28648500
24441500
23440000
23963500
23824000
23292000
22971500
24006500
27065500
32327000
33946500
34565500
34329500
34344500
35370000
34907000
34713000
35233500
36494000
37206000
36581000
35937000
35457500
33101000
28799000
25445000
24057500
24427500
24348000
23897500
23774500
24844500
28376000
33179000
34021000
34796000
34725500
35050000
35771000
35837500
35746000
35696500
37040500
37400000
36869500
35685500
35044500
33134000
29201500
25908000
24457000
24178000
23643000
22910000
23316500
25158000
28416000
33405500
34932500
35415500
36361000
37074500
38011000
38173500
38179500
38224500
39256000
39583500
38940500
37438500
36675500
34927500
31262500
27240500
25654500
25161000
24622500
24133500
24160000
25195500
28225500
33225500
35086000
35421000
35692000
35755000
35964500
35958000
35820500
34633500
36419000
36959000
36402500
35227500
34556000
32927000
29904500
26445000
25161500
24918500
24108500
23483000
23283500
23492000
24326500
26289500
29231500
30748000
31854500
32138000
31927500
31038500
30366000
30804500
31317500
32158500
32101000
31109500
30527500
29547500
26953500
23891000
22151500
21943000
22022500
21009000
20584000
20839000
21486000
22501500
24885000
27054500
28960500
29769000
30671500
30701000
30234000
29788000
30565000
31500500
31620500
31301000
30799000
29508000
26223500
22635500
21483000
21620000
21504000
21229000
21307500
22420500
25571000
30621500
33116500
33685500
34445000
34220500
34769500
34444500
34118500
34856500
35667000
36312000
35338000
34115000
33426500
31575000
27502500
23449000
22390000
22566500
22622500
22322000
22480500
23848500
27440500
32491500
35079500
35891000
36101000
37042500
37822500
37930000
37902000
37853000
38563500
38989000
38609000
37341500
36272000
34091000
29591500
25698500
24134500
24098500
24025500
23458000
23576500
24692500
27950000
32741500
33697500
33937500
35036500
35437500
35645500
35370000
35025000
34438500
36744000
36523000
36216500
35208500
34455500
32816000
28897500
24800500
23231000
23170000
23318500
23088500
23081500
24060000
27020500
31822500
32950500
33596500
33904000
34962000
35558500
35246500
34968500
35116500
36209000
37297000
37106500
36664500
36021000
34878000
31482000
27403000
25838500
25742000
25644000
25319000
25421500
26430000
29734500
35473500
38248000
39130000
39557000
39723000
39854000
39923000
39137500
38219500
39324000
39296500
38578000
37374000
36362000
34760000
31202000
27483500
26103000
25827500
25610000
24905500
24640000
24856000
25406000
28282000
31823000
34039500
35107500
35224500
35343000
34633000
33877000
33679500
34235000
35386000
35393000
34531000
33558500
32700500
29951000
26782000
25557500
25504500
25182500
24519000
23907000
23667000
23776500
25546500
27991000
30527500
32655500
33802500
34391000
34402500
33908500
34198000
34480000
35328500
35215500
34619000
33736500
32402000
29045000
25100500
24207000
24369000
24535000
24090000
24343000
25427500
28799000
35084000
37494000
38217500
38671000
39168500
39750500
39580500
39017500
38464000
40049500
40300000
39889500
38721500
37456500
36117500
31962000
27397000
26219000
26441000
26399000
26168500
26439500
27242000
30239500
34825000
36271000
35984000
36150000
36479000
37653500
37154000
36284500
35813000
37044500
37766000
37581500
36716500
35549500
33432000
29283500
25687500
23841500
23713000
23841000
23293500
23212500
24382500
28312000
34058500
35986000
36830500
37189500
37514000
38201500
37700500
37103000
36465500
37887500
38303500
37974500
36950000
35574500
34191000
31077500
27700500
25174000
25251500
25168500
24865500
24971000
26105000
30075500
34575000
35883500
36047000
36454000
37433000
38240000
37433500
36757000
36297000
37890000
38365500
37736000
36511500
35692000
34282500
30415000
26989500
25450500
25339500
25311000
24693000
24725500
25531000
28903000
33667000
35213000
35656500
36369000
37101500
37255500
36602500
36117500
35507500
35979500
36368000
35914000
34740000
33395500
32533000
29845500
26346000
24610000
24503000
24212500
23491000
23173500
23129500
24038500
25746500
28231500
29325500
29998500
30249000
30779000
30322500
29711500
29778500
30660500
32074500
32019500
30745500
29503500
29417000
27777500
24821000
22736500
22292000
22395500
22102500
21852000
21624500
22086500
22939000
25058000
26847000
28329000
29145000
29967000
29929500
29270000
29524500
29760000
30283500
30335000
29644000
28747000
28799500
27216000
24111500
22361000
22214000
22079500
22077000
22051500
22095000
23086000
24932500
26838500
28797000
30186000
30824000
31525000
31427000
31177500
31392500
31847500
32819000
32792500
31999000
30841000
30283500
27934000
24829500
23662000
23025500
22500000
22223000
22259500
22688000
26149000
31460500
33493500
34143500
34563500
35235500
36491500
36602500
36104500
36166500
36531000
36785000
36262500
35291500
33877500
32809000
29465000
26055000
24267000
23576500
23133000
22875000
22980000
23641000
26746000
31507000
33061500
32968500
33884500
34859000
35156500
34730000
34645500
35133500
36217000
36417500
35717000
34545500
33562000
32308000
28753000
25760500
23881000
23213500
22844500
22374500
22526000
23125500
26545000
31189500
32478000
32521000
29885000
27249000
35333000
35366000
35208500
35596000
36267000
37122000
36835000
35719500
34247000
32975500
29908500
26349000
24357000
23398500
22668500
22259000
22044500
22852000
25597000
30535000
32142000
31824000
32039000
32931500
33647500
33174000
32811000
32599500
33453000
33847000
33488000
32728000
31604000
30871000
28611000
26041500
24182500
23562000
23192000
22906000
22809000
22453000
23456500
26188500
29092000
30752500
32204500
32589000
32805000
32465500
31889000
31804500
32384000
32943500
32962500
32260500
31493500
30820500
28550500
25637000
23887500
23090500
22519000
22228000
22069500
21717500
22270000
23532000
25732500
27832500
29991000
31177000
31772000
31418500
31173500
31138000
31424500
32591000
32765500
32125000
30848000
30059000
28161000
24285500
22879500
22548500
22127500
21760000
21875000
22834500
26586500
31745500
33292000
33682500
34277000
35195000
35978000
36245000
36233500
36144000
36812000
37225000
36575500
35338500
33617500
32710000
29789000
26354000
24521000
23795000
23372500
23005000
22983500
23710000
27078000
32112500
33614000
34003500
35093000
35935000
36624500
36624000
36571000
36947000
37434500
37477500
36487000
35254500
33604500
32179500
28963500
25834500
23578000
22765000
22188500
21625000
21362500
22183500
25321000
30909000
33611500
34185000
34821000
35332500
36071500
35798500
35726000
35828500
36753500
37359000
36605500
35419000
34161000
33046500
29742000
26312000
24280000
23555000
23400000
23088500
22890500
23425500
26900000
32399500
33909000
34687000
35342500
36257500
37152000
37085500
36876500
36819000
37641000
38059500
37508000
36100000
34539500
33445000
30693500
27294000
25296000
24448500
24166000
23789500
23689500
24346500
27581500
32361500
34340000
34773500
35633000
36314500
36870500
36463500
35851500
35525000
36268500
36681000
35873000
34516000
32974500
31979000
30045500
26824500
25027000
24029000
23521000
22936000
22558500
22201500
23561500
25676500
27973500
29311000
30878000
31064000
30824000
30753500
30276500
29774000
30624500
31111000
31045500
30043500
28640000
27980500
26811500
23945500
22089500
21700000
21266000
20667000
20298500
19914500
20767000
22293000
24014000
25588500
27290000
28534500
29359000
29193000
28979500
29301500
30277500
31134500
31448000
30849500
29701000
28915500
27246500
24598500
23013000
22565500
22338000
22186500
22329000
23100500
26371000
31023000
32586000
33410250
34713500
35540000
36707000
36579500
36401500
36562000
37283000
37225000
36084500
34650500
33187000
31741500
28841000
25964500
23814500
22892500
22418000
21771000
21376000
21977500
25236500
30074500
31483000
31862500
32679000
33293500
35073500
35087500
35001000
35288000
35975500
36309000
35602000
34370500
32592000
31210000
28334500
25242000
23181500
22628500
22173000
21906500
21881000
22610000
25942000
30888500
32591000
33099500
33677000
34495500
35467500
35411000
35445000
35455000
36502500
36697000
35643000
34138500
32751000
31676500
29222000
25742000
23669500
22870000
22497000
21902500
21978000
22748500
26131000
31515000
33867500
34709000
35065000
35404500
36241500
36419500
36508000
36263000
36911000
37133000
36363500
35316500
34009000
32599500
29603500
26888500
24606500
23585000
23082500
22605500
22461000
23145500
26094500
31182000
33814000
34679000
34886000
34958500
35124000
34459000
33903000
33628500
34231000
34520000
34028000
32822000
31691000
30615000
28040500
25308000
23272000
22359500
21624500
21114000
20666000
20524500
21666500
23809000
26705000
28110000
28445500
29082000
29213000
28746500
28072500
27996500
28442000
29648500
29515500
28525500
27021500
26224500
25197000
22559500
20785500
20924500
20744000
20794000
20853000
20903500
21036000
21488500
23108000
25525000
26995500
27845000
28986500
29159500
29119000
29077000
29487500
30641500
30753500
29928000
28786500
27802500
26580500
23823500
22301500
22074000
21807500
21357000
21110500
20907000
22165500
24337000
27076000
29098500
30198000
31122000
31793500
32188500
32031500
32131000
32295500
32639500
32563500
31456000
30429500
29692000
27852000
24504000
23137000
22323500
21833500
21363500
21205500
21832000
24421000
28775000
32058500
33161500
33562000
33671000
35101500
35411000
35319000
35705000
36129000
36593500
36131500
34650500
32935000
31606500
28748000
25478500
23410500
22800500
22284000
21988000
21770000
22317500
25010000
30857000
33924500
34620500
35554500
35651500
36102500
36088000
36275000
35966500
36507000
36808500
36061000
34850500
33648500
32567000
30113000
26991500
24883000
23907500
23783500
23265500
23236000
23778500
26068000
31006000
34566500
35432000
36165500
36765000
37140000
37302000
37212500
37268500
37275000
37204000
36507000
35805000
34492000
32821500
30371000
27700500
25636000
24885000
24234500
23777000
23470500
23594500
25919500
30780500
33689000
34964000
35222500
36071500
36727000
36503500
36449500
36321000
36502000
36653500
35626000
33901000
32147500
30931500
29367000
27099000
24882500
23635000
22828000
22319500
22019000
21793000
22908500
24762500
27894500
29700000
30671000
31399000
31832500
31279000
30765500
30529000
31239000
32339000
32094000
31297000
29850000
28892500
27799000
25161500
23291500
22529000
21984500
21635000
21056500
20662500
21402500
22517500
24523000
27123500
29164000
30572000
31411000
31171500
30436500
30439500
31231500
32287500
32197500
31375500
30088000
29009500
27672500
24474500
23309500
22833000
22279500
21871000
21711500
22957000
25598000
30643000
33311000
34356500
34964000
35408500
35737000
35521000
35743000
36017500
36777000
37249500
36351000
34960500
33270500
31583500
28625500
25658000
23783000
23174500
22690500
22317500
22505000
23509500
26118500
31423000
33762000
34942000
35255500
35837500
36134500
35621000
35434000
35942000
36842000
37299500
36647500
35331500
33584000
31759000
29341500
26185500
24290500
23511000
23010500
22442500
22186500
22829500
26006500
30775500
32590500
33727500
34645000
35383500
36086000
36356500
36694500
36858000
37855500
38072500
37112500
35735000
33947500
32139500
29699000
26574500
24627500
23649500
23058000
22717500
22448500
23278500
26300000
31042500
33106500
33754000
34200500
35168500
35793500
36124500
36324000
35788500
36849000
36862500
36009000
35011500
33572000
32021000
29724000
26032000
24248500
24066500
23163000
22490500
22199000
23032000
26134500
31271000
33127500
33954500
34811500
35900000
36473000
36218500
35952500
35372500
36455000
36372000
35471000
34075500
32251500
30866000
28917000
26255500
24252000
23244000
22778500
22373500
21884000
21554000
22650500
24774000
28277500
29886000
31007500
31342500
31779500
31437000
30785000
30244000
31373000
32394000
32231000
30834000
29251000
28023500
27275500
24605000
22581000
22006000
22058000
21595000
21212000
21024000
21736000
23189000
24644000
26849000
28834000
29873000
30699500
30507500
30342000
29727500
31083000
31966000
31934500
31149000
29594500
28344000
27539000
24205500
23036000
22683000
22385000
22299500
22052500
23129000
25429000
30443500
32767000
33288000
34500500
35359500
36443500
36723000
36713500
36696500
37550000
37575000
36605500
35010000
33218000
31440500
29202000
25402500
23709500
23438500
23179000
22673500
22476000
23178500
26153500
30571000
33488500
34380000
35102000
35702500
36202500
35984500
35792000
36009000
36621000
36907500
36301500
35442000
33976500
31906000
29657000
25900500
23719000
23130000
22750000
22375500
22115000
22645000
26062500
31006500
33078000
33492000
34379500
35111500
35836000
35382000
35223000
35277500
35641500
35702000
34329000
32605000
30824000
29013500
26397500
23159500
21519000
21327000
21137000
20810500
21155500
20973000
23429500
27705500
29804000
30718000
31146000
31506000
31685500
32324500
32627000
32422000
34758500
35004000
34570500
33582000
31659000
29843500
28633000
25648000
23779500
22784000
22339000
22011500
21870000
22271500
25176000
29618500
32010000
32915500
34074000
34497000
35063500
35012000
34610500
34524000
34775500
35189500
34499500
32933000
31206000
29915000
28724500
25612000
23786500
23198000
22612000
22131000
21849500
21557500
22573000
24322000
27352500
28493000
29990000
30060000
29946500
29314500
28359500
27179000
28419500
29442000
29475000
28535500
27239000
26676000
26201000
23739500
21797000
20713000
20483000
20146500
19875000
19621500
20361500
21760500
23853000
26322000
28266000
29689500
30258000
29611000
28995000
28647000
29597500
29771000
29890000
29538000
28597000
27449500
25809250
22673500
21411500
20910500
20640000
20519000
20410000
21171500
24094000
28986500
31222000
31783000
32162500
32931500
34307000
34386000
34513000
34891000
35453500
35593500
34848500
32866000
30626500
29419000
27263000
23789000
22013000
22274000
21896000
21584500
21111000
21564000
25602500
31101500
33706000
34671000
35469500
33576000
35772500
36025500
35742500
35605500
36062500
36553000
36044000
34893000
32996000
31093000
28839000
25169500
23159000
22569000
21815500
21573500
21265000
21847000
24984000
29629000
31746000
33102500
33741500
34251000
35260500
35417500
35611000
35593500
36212000
36113000
35442500
33848500
32035000
30426500
28151000
24215500
21975500
21863500
21641500
21473000
21386000
22101500
24523000
28523500
30523500
31406000
32558000
33575500
34789500
34901500
34402500
34472000
35443000
35867500
35347000
34086000
31905000
30144500
28285500
25021500
23307000
22358000
21703000
21528000
21538500
22188500
25076500
29860000
32145000
32893500
33816000
34914000
35818500
35876000
35385500
35054500
35666000
35857000
34899500
33360500
31141000
29597500
28698000
25538000
23494000
22492000
22111000
21711000
21182000
21110000
22252000
24064000
26821000
28692500
29889000
30512000
30928000
30661500
30224000
30406000
30829500
31460500
31293000
30205000
28858500
27923000
27222500
24445500
22411000
22178000
21519000
21169500
20592500
20217000
21081000
22165000
24049000
26247000
28457000
29708500
30790500
30619000
30276500
30306000
31054000
31821500
31903000
31263000
29716000
28408000
27702500
24475000
23060500
22711500
22423000
22182500
21800500
22682000
25827000
30351500
32579500
33769000
34920000
36138000
37200500
37547000
37659500
38001000
38771500
38683000
37715500
36158500
34058000
32423000
30634000
26818500
25216500
24489500
23857500
23613500
23552000
24170500
26863000
31239500
33150500
34220500
35237000
36469500
37625500
37897000
38033500
38323000
38675000
38695500
37528500
35820000
33837000
31966500
29825000
26571500
25041500
24481000
24055500
23754000
23458500
23964500
26480500
31259500
33270000
33883500
34232500
35750000
37123000
37582500
37704000
37698500
38234000
38366500
37449000
36089000
34065000
31744000
29998000
26390500
24951500
24204000
23528500
23407500
23109500
23590000
26013500
30895500
33102000
33679500
34299000
35829000
37403000
37857500
38135500
38068000
38446000
38201500
37124500
35437500
33140000
31481000
29936500
26240000
24384500
24116000
23548000
23178500
22894000
23435000
25744000
30287000
32350500
33483500
34663500
35686000
36753500
36817500
36544000
36470500
36548500
36250000
35127000
33858500
31848500
29929000
28715500
25522500
23988500
23243000
22374000
22090000
21525000
21374500
22186000
23836000
26405500
28035000
29700500
30436500
31004000
31201000
31014500
30602500
31115000
31637000
31046500
30003000
28303500
27747000
27285000
24432000
22252000
21454500
21271000
21067000
20406500
20304500
21036000
22263500
23989000
26522500
28286000
29691000
30912000
31093000
30646000
30800000
31179000
31627000
31907000
31261000
30011500
28796500
27768000
24693500
22479500
21633500
21302000
21528000
21323500
21743500
25155000
29908500
32270000
33274500
34663000
35538000
36559500
37337000
37662000
37682000
38050000
38066000
37046000
35870000
33311500
31354500
29737500
26070000
23474500
22830500
22499000
22723000
22453500
21976000
25574500
30055000
32184500
33814000
34595000
35826000
36918500
37047500
37143000
37240000
37905000
37928500
36953000
34516500
32207500
30663500
30135500
26449000
24451500
24160500
23416000
23179000
23063500
23476000
25752500
30757000
33615500
34392000
35883000
36744000
37695500
37990500
37755500
37161500
37418000
37496000
36917000
35351000
33582500
32347000
30064500
26536500
24015500
23242500
22285500
21917000
21705000
22344500
25994000
30827500
33272000
34249500
35718000
37134000
37883500
37980000
38056500
37969500
38812000
38418500
37021500
35529000
34015500
32529500
30740500
27195000
25627500
24790500
24448500
24186500
23947000
24289000
26523500
30788500
33151000
34184000
35430500
36380000
37150500
37423500
37581500
37605500
37441500
37429500
36456500
34948500
32982000
31241000
29790000
26883500
24853000
23788500
23471000
22973500
23027500
22856000
23480000
25547500
28214000
30324000
31312500
32177000
32863000
32661500
32298000
32107500
32052500
33196500
32540500
31431500
29855500
28626500
28160500
25606500
23444500
22318000
21745500
21894000
21808500
21448500
22154500
23016000
24846000
27079500
28954000
30435500
31654000
31403500
31116500
31246500
31650500
32355000
32455000
31596500
30396500
29260000
28541500
25561000
23845500
23197500
23053500
22819500
22731500
23292000
26056500
30899000
33433500
34621000
35889000
36920000
38106500
38017500
37531500
38601500
38005500
38239500
37113000
35589000
33671000
31687000
29620500
26295500
24635500
24250000
23625500
23424500
23465500
23926500
26370000
30930500
33387500
34208000
35130500
36091000
36943000
36991500
36878000
36745000
38176500
38217000
37382500
35722500
33313000
31581500
29812000
26363500
24160500
23650000
23295000
23303500
23316500
23444000
26596500
31254000
33398000
34360500
35425500
36578500
37522000
37561000
37346000
37304500
37465500
37492000
36546000
33724500
31454000
30193000
30121500
26610500
24482000
23822000
23411500
23166000
23395500
23622000
26359500
31212500
33293000
34155500
34481000
34766000
35634500
36495500
36605000
36916000
37406000
37246000
36098500
34916000
33432500
32065500
30135000
26747000
24616000
24204500
23864500
23619500
23549000
23907500
26505000
31162500
33754500
34473000
35063500
35884500
36520000
36600500
36780000
36976500
36643000
36572500
35479500
33943500
32352500
30850500
29474000
26608000
24528500
23362000
22842000
22965500
22547500
22137000
23124500
24616500
27498000
28850750
30805500
31735000
31932500
31598000
31177000
31587000
31398000
32139000
31923000
30882000
29426000
28374000
27602500
24862500
22850000
22615000
21803000
21466000
21246000
20659000
21365000
22669500
24279500
26473500
28344000
29712500
30693000
30919000
30658500
31055000
31519000
32147500
32320500
31681000
30324500
29107000
28156500
24943500
23328000
22913500
22439000
22337500
22305000
22730000
25677500
30564000
33342000
34924500
35597500
36513000
37132000
37705000
37553000
37224500
37482000
37715000
36604500
35015000
33594500
31892000
29772500
26209000
24365000
23746000
23564500
23263000
23516000
23782500
26310000
30604000
32935500
34246500
35565000
36072000
37060500
36102500
35703000
36261000
36850000
36921500
36041500
34823500
33099000
31795500
29625000
26171000
24245500
23841500
23677500
23430500
23552500
23560000
26260000
31018000
33553500
34629000
35591000
36827000
36986000
36636500
36660500
37229500
37617000
37432000
36413000
34937500
33357000
32104500
29865000
26422000
24797500
24025500
23363000
23595500
23556000
23924000
26268000
30922000
33374000
34224000
35244000
36448000
37405000
37475000
37311000
37257000
38145500
37603000
36443000
35041000
33214500
31595500
29602500
25997000
24368000
23855000
23355000
23005000
23133500
23467000
25551500
30333000
32823500
33906500
35116500
35679000
36445000
36146500
35884000
35424500
35595500
35956500
34705500
33285500
31738500
30571500
28788500
25679500
23515500
22771500
22609000
22212500
22089500
22201500
22737000
24617500
27403500
29015000
30451500
30829000
31024500
30913500
30471000
30728500
30600000
31359500
30935000
29779000
28417500
27599500
26841500
24420500
22294000
20804000
20732500
20917500
20851000
20690000
21116500
22044000
24071500
26324500
27892000
29185000
30572000
30462000
30167500
30181000
31152000
31863500
31838500
31111000
30018500
29001000
28186500
24895000
22885500
22035500
22092500
21995000
22185500
21956500
25210500
29782500
32897500
34824500
35425500
36423500
37305000
37513500
37406000
37418500
37981500
38120000
37206500
35912000
34029000
32293500
30138500
26487000
24597500
24216000
23748500
23523500
23470000
23445500
26053500
30244000
33404000
34608500
35750000
36483500
37147000
37454000
37521500
37291500
37535500
37733000
36881500
35409500
33609000
32410000
30539000
26965000
24370000
23896500
23373500
22999000
23038500
22470500
25596000
29882500
32641000
34192500
35008500
35622000
36532500
37014000
37209000
37182500
37833500
38223000
37090000
35193500
33186000
32020500
30213000
26723000
24406000
23999500
23542500
23144500
23223500
23183000
25467000
29615500
32267500
33629000
34820000
35544000
37092000
37400500
37261500
37586500
37467500
37832000
36847000
35217000
33271000
32233500
30259500
26830000
25330000
24587000
23852500
23525500
23780500
24383000
26005500
29874000
32719500
33952000
35297500
35945000
37491500
37324000
37093000
37353500
36762500
36224000
35177000
33371000
31626500
30533000
28278000
24918000
22792500
22418500
21855500
21588000
21621000
21378000
21810500
22517000
24368500
25315000
26510500
26112000
26527500
26589000
27119500
26158000
26860500
26872500
26174000
25462000
24409000
24286000
23410500
21438000
19713000
19487500
19086000
18974000
19044500
18949500
19460000
20575000
21671000
23722500
25748000
26953000
27782500
27907500
27699000
27293000
28445000
29052000
28793500
28215500
27485500
27195500
25803000
23267000
21473500
21142000
21044000
20670000
20444500
21383500
24171500
27849000
31034500
32329000
33081500
33571500
34400500
34058000
33830000
33501500
34037500
34776500
34179000
33165000
31847500
30602000
28091500
24894000
23526500
22775000
22329500
22152000
22024500
22822500
24625500
27906000
30130500
30544500
31450500
31319000
33046500
32945000
32909000
33005500
33945500
34685500
34289000
32803000
31335000
30203000
27375500
23831000
21891500
21523500
21128000
21050000
21095000
21571500
24028500
27533000
30527000
31857500
32848500
33039000
33614000
33801000
33739000
33959000
34244000
34693000
34359000
33189500
31372500
30174500
27475000
23883000
22300500
21691000
21471500
21307000
21425000
21903000
24303000
28220500
31159500
32406000
33316000
34204000
35413000
35896000
36010000
36287000
36838000
37241000
36791500
35420000
33428500
32462500
29910000
26217500
24780500
24033000
23589500
23361000
23223500
22946000
25423000
29385500
32877000
34466500
35168500
36003500
37338000
36769000
36508000
37097000
36487500
36301500
35334000
33786500
32052500
31086000
28813500
25843500
23660000
23029000
22718500
22676000
22501000
22026000
22255000
24151500
27026500
28580000
29690000
30235500
31200000
30843000
30207000
30389000
30737000
31770000
31482000
30353000
28822000
28349000
27057500
24533500
22692000
21861500
21532000
21649500
21472000
21186000
21444500
21724500
23931500
25768500
27655500
28808000
30353000
30509500
30215500
30241000
30923500
31642000
31534500
30656500
29206500
28797000
27249000
24122000
22500500
21844000
21536500
21332500
21394500
21410500
24462500
28438500
31510000
33243500
33446000
33871500
35080500
35451500
35742500
36590500
36500000
37241000
37257000
35226000
33284500
32586000
30010000
26433500
24619000
24231000
23769000
23391500
23308500
23212000
26447000
29804000
31991000
33873000
34893500
35304500
36433000
37039500
37080000
36195000
37291500
37570500
36499000
34665500
33024500
32025000
29036500
25359500
23362500
23276000
22937000
22318500
22478500
22827000
24959500
28826500
31536500
32712000
33415000
34119000
34743500
33913000
33873500
33884000
34681000
35426500
35063500
33733750
32112500
31414500
28745500
25274500
23504000
23016500
22763500
22917000
22898000
23029000
25400500
29030000
31672000
32812000
33344750
33746000
34552500
34422500
34485500
34055000
34810000
35361000
35094000
34009500
32412000
31319500
28396000
24801000
22731500
22278000
22169500
22251500
22180000
22082500
24492500
28508500
31649500
32970500
33966500
34127500
34591000
34627000
34086000
32933500
33737500
34544500
34247000
32764500
30734000
29834500
27351500
24076500
22123000
21619000
21330500
21098000
21069500
20581500
21309000
23464000
26175500
28268500
29342000
29719500
30718000
30237500
29569500
29293500
29736500
30449000
30062000
29148000
28360000
27576000
25332000
22814500
20919500
20217500
20260000
19948000
19515500
19755000
20497500
21172500
23746000
26298000
28083000
29741000
30392500
30321500
29632000
29749500
30420500
31141500
30992000
30122000
29310500
28542000
26517000
23613000
22032000
21872500
21562000
21626500
21832000
22536500
24757000
28560500
31301000
33002500
34244000
34399000
35405500
35704000
35509000
35629000
35758000
36117000
35502500
34258000
32960500
31756000
28846000
25157000
24120000
23405000
22829500
22534500
22494500
23124500
24948000
29239000
32215500
33311500
34057500
34536000
35678500
34963500
34832000
34637000
34959000
35650500
35112000
33806000
32508000
31514500
28463500
24873500
23103000
22559000
22117000
22006500
21920500
22842000
24623500
28314500
31054500
32357500
32462250
33128000
33372000
32662500
32349500
32757000
33731500
34258000
33680000
32439000
31552000
30510500
27159000
23672000
22097000
21649000
21309000
21323500
21445500
21879500
24472000
29090000
32388000
33757000
33699000
33487000
34201000
33905000
34052500
34030500
34763000
35418500
34805000
33547500
32181500
31145500
27992500
24201500
22189500
21785000
21480500
21291000
21360500
22094000
24304500
28310500
30917000
31796500
32377500
32675500
33144000
32312500
31733000
31443500
31324000
31769500
31140500
30015500
29348500
28311500
25781500
22920500
20851500
19702000
19100500
19418500
19056000
19063000
20148000
22347000
25391000
27509500
28462500
28903500
28984000
28425000
27817000
27952000
29175500
30665500
30726500
29918000
29189000
28296000
26255000
23792500
21679500
20958000
20947000
20501000
20226500
19968500
20211000
21329500
22728000
25388000
27314500
28308500
29403000
29175000
29059000
29566000
30609500
31629000
31487500
30412500
29717000
28982500
27123500
24287000
22911500
22465000
21995000
21726500
22126500
22838500
25701500
30001000
32750000
34387500
35477000
36323500
37264500
37055500
36677000
35816000
37245000
37789000
36964500
35215000
34498000
33458000
30108500
26561000
25165500
24403000
23923000
23800500
23866500
24070500
27274000
30640500
33470500
34738000
35526500
36098000
36641500
36554000
35505000
35180500
36404500
36824500
36232000
34450500
32764500
31367500
28054000
24819500
23557500
23107000
22519000
22275000
22372000
22497500
25212500
29901000
31997000
33808000
34327000
35270000
33919500
34956000
34567500
35512000
35714000
36295500
35563500
34551000
34018000
32294500
29013500
25495500
24131000
23430500
22962000
22814500
22824000
23152000
25654000
29984000
32330500
33428500
32732000
33312500
34102500
35146500
35038500
34520500
34540500
34807500
33979500
32935000
32387500
30544500
27956000
24084000
22259500
21305500
21162500
21004500
21113500
21358000
23776000
27320500
29889500
29780000
31628500
31882000
33039500
32637000
32298000
31867000
32478500
32818000
32922000
31858500
31057000
29766500
27059500
23806500
21678000
21075500
20573000
20432500
20339500
19686000
20764500
23189000
25840500
27862000
28956000
29206000
30228000
29775000
29233500
28889500
29919000
31453000
31474000
30527000
29800500
28641500
26660000
23910500
21764500
20645000
19899500
20093500
20072500
20172500
20608500
21610500
23428500
26147500
27846500
28829500
29730500
29207000
28304500
28464500
29146500
29774000
29716250
29078500
29007500
27233500
24928500
22391000
21353500
20921500
20744500
20689500
20018500
20316000
21804500
23858500
25780000
27415000
28427000
28835500
29198000
29573500
29556500
29952500
31055500
32281000
32503500
32138500
31869000
30334000
27361000
23983000
21868000
21499000
21477500
21442500
20753000
21822500
25469500
29699000
32335000
33757500
34231000
34450000
34500500
33762500
33919500
35307000
35944000
37085500
36523500
35575000
35093500
32963500
29167000
25501000
24190500
23738500
23106000
22787500
23020000
22902500
26107500
30209500
33097500
34130500
34677000
35007500
36212000
36334000
36030000
35086500
35668000
36355000
36420500
35128000
34112000
32440000
29023500
25406000
24151000
23539000
23065500
22887000
22850000
23156500
26174500
30134500
33220000
34025000
34515500
34995500
36385500
36581500
36504000
36176000
36835000
37366000
36422500
35449500
35196500
32938000
29354500
25834000
24231500
23747000
23339000
23111000
23231000
23812500
25868500
29831000
32128500
32546000
32953500
33257500
34618000
35217500
35179500
34057250
34151000
34976000
34297000
32993000
32118000
30647000
27455000
24137000
22540500
21714000
21142500
20629000
20509000
20928500
21562500
23780500
26740500
28822500
29789500
29794500
30786500
30565500
30237500
29822500
30979000
32446000
32176500
30962500
30243500
28790500
26431000
23643000
21477500
20407500
19896000
20083500
20121000
20260000
20732000
21568000
23661000
25891500
27335500
28128000
28868000
28950000
29233000
29733500
30925500
32181000
32160000
31100000
30782000
29259000
26760000
23587500
21864500
21670500
21436500
21250500
21471000
22247500
25686500
30257000
33446000
34741500
34910000
34921500
36159500
36091000
36091000
36058500
37156500
37842000
37096500
35646500
35119500
32437000
28560000
24819000
23402500
22703500
22455000
22361500
22602000
23454000
26655000
31514000
34177000
35150000
35488500
35735000
36426000
36161000
36045000
36205500
37588500
38306500
37460000
36448500
35881500
33008500
29003000
25146500
23508500
23274500
22888000
22696500
22764000
22916500
27163500
31716000
33861000
34506000
35164500
36299000
36966000
36835000
36204000
36255000
37464500
38147500
37190000
36007500
35322500
32679000
29017000
25237000
23126500
22829000
22730000
22673000
22785000
23035500
27794500
32018000
33403500
34653000
35625000
36188500
37415500
37226000
36847000
36746500
37243500
37712500
37208000
36001500
35603000
32821500
28515000
24751500
22521500
22092500
21990500
21806000
21940000
22422000
26242000
30844000
32248000
32929500
33700500
34166000
35263000
34700500
34065500
33363000
34491500
35549000
34915000
33733000
33119500
31146000
27783500
24172500
21918000
21045000
20469500
20440500
20734000
20748500
22228500
24686000
27802500
29883000
30660000
30646000
30686000
30322000
29617000
29669500
30317500
31375500
31397500
31159000
30569000
28753000
26320000
23534500
21441500
20470000
20467000
20600000
20333500
20407000
20996500
21992500
24504052.5
25530000
26989500
27092000
28504000
28581500
28388500
28678500
29888000
31152500
31147500
31168500
31005500
28415500
25175500
21891000
20596500
20782500
20786500
20660500
20758000
20922000
25055000
30517000
32690500
33410500
34264000
34291000
34751500
34873000
34631000
33900000
35950000
36682500
35814500
35291500
34125000
30641500
26716500
22931000
22482000
22563500
22624500
22234500
22370000
22394500
25443000
30303000
32747500
33943000
29319500
24696000
35072000
35164000
34949500
34192500
35816500
36269000
35822000
35414500
34619000
32021500
28063000
24110500
21844000
21533000
21281000
21373500
21515500
22554500
27093000
32307500
34310000
35385000
35632500
35713000
36550000
36524000
36342000
35225500
36598000
37308000
37114500
36778500
36339000
33274500
28880000
24859000
22518000
21918000
21959000
21858000
21974500
22500500
27337500
32130000
33022000
33383000
34664500
34662500
36089500
36151000
36018000
36204500
36609000
37227000
36663500
36424500
35365500
32530000
28357500
24459000
22243000
22469500
22278000
22053500
22125500
22333500
26463500
31074000
32836000
33276000
33323500
32992500
34096000
33669500
32892500
32926500
34599500
35482000
35166500
34525000
33577500
31221000
27903000
24389500
22613500
22123000
21469500
21040000
20770000
20680000
22762000
25297000
28037500
29663500
30587500
31255000
31612500
31126500
30331000
29845500
30736500
32070500
32140000
32140000
30805500
28385500
25566500
22867500
20891000
20454500
20802500
21112500
20471500
20407500
21234500
21876000
23366500
25706000
27277500
27784000
28907000
29191000
28479000
29010500
30941000
32564000
32947500
33408500
32520500
30074500
26874000
23287500
22002000
21840000
21637000
21358500
21545000
22213500
26591000
31955500
33773000
34445000
34641250
34995500
35153000
34542500
33766500
34023000
35661500
36183500
35655500
35131500
33450500
30563000
27316500
23217500
22398500
21892500
21571000
21127000
20810500
21140000
24992500
30551000
32091500
32792000
32847500
31664500
33158000
33373500
32979500
32642000
33840000
34840500
34404000
34398000
33028500
29892000
25867500
22730000
21757500
22126000
21998500
21914000
21956000
21229500
25029500
29865000
31051000
31162500
32057000
32223000
32850000
32846000
33302500
33786000
34494500
35079000
34292000
34574000
33329500
30432000
26639000
23030000
21152500
21048500
20936500
20914000
21151500
22094000
26674500
32274500
33785000
34523500
35399000
35394000
36322000
35745500
35317500
35322000
37157500
37206000
36469000
36054750
34662500
31272500
27132500
23293500
21333500
21200000
20938000
20658500
20544000
21169500
24862000
29364000
30148000
30656000
31150000
31545000
33029000
32563500
32203000
31660500
33439000
34377000
34181500
34354500
33242000
30684000
27240500
24173500
22909000
22813500
22431500
22325500
22370000
22480500
22797000
25761000
29083500
31306500
32212000
32738000
32782500
32710000
32239000
31890000
32783000
33823500
33746000
33780000
32653000
30785000
28061000
25191000
23229500
22973000
22252500
21648500
21594500
21888000
22749000
24935000
27020500
30067500
31423000
31067500
31661500
31131000
30624000
30653500
32543000
34264500
34706500
34938000
33604500
30844000
27807500
24904000
23664000
23310000
22666000
22419500
22650000
23951500
28246000
33670500
34939000
35196500
35774500
35510000
37256500
37054000
36679500
36846500
38571500
39727500
39779500
39525000
37526000
34408000
30217000
25972500
24411500
24602500
24288000
24087500
24292000
25502500
29394000
34038000
34879000
35272000
34836500
34280000
35148000
34633000
34432000
34639000
36348000
37625000
37596500
37771500
35458500
32014000
27621500
23807000
22741500
22642500
22374000
22144500
22173500
22903000
27247000
32385000
33442000
33941000
34202000
34908500
35601000
35491500
35086000
35809000
37600000
38727500
37993500
37692500
36189500
33257000
28870000
25111000
22738500
22403500
22222000
22104000
21804500
22712500
27574500
32351000
33254500
33746000
33553000
33847000
34920500
35174000
35310000
35826000
37495500
38521500
38211500
38075000
36390000
33235000
29182000
25214000
24466500
23927500
23674000
23386000
23359000
23914000
28023000
33279000
34358500
34718000
34899500
34728000
36426500
36167000
35594500
35575500
36681500
37852000
37885500
37647500
35563500
33004500
29518500
25987000
23467500
22803000
22592500
22763000
22760500
22628000
24582000
26392000
28524500
30119000
30467000
30336500
30555000
30089500
29470000
29580500
30897000
33041000
33420500
32908000
31475000
29367000
26775500
23539000
21726500
21020000
20832500
21287500
21075500
21310000
21679000
23127500
25528500
28036500
29328000
30722500
30230000
30808500
30073500
30255000
31244500
32894500
33262000
33443500
32243500
29623500
26043500
22855500
21746500
21933000
21944500
22335500
22329500
23801500
28529500
34338500
35613000
36175000
36442000
37350500
37944500
37742500
37178000
36912500
38291000
38945000
39208000
38816500
35889000
32260500
27853500
23760000
21845000
21520000
21966500
22040500
22005000
22853000
27400000
32441000
34246500
34640000
34395500
34710000
35012500
34464000
34301000
34565500
36720000
37708500
38063000
38482500
36422500
33526000
29448000
25745000
23380500
22529000
22722500
23267500
23538000
25298500
29594500
34912500
36105500
36360000
36279000
36365500
36386000
37088000
36554000
35557500
37108500
38424500
38718000
38781500
36590000
33503000
29236000
25601500
23485500
23355000
23186000
23372000
23654500
24956500
28761500
33853000
35199000
35120000
35711500
36094500
35748000
34915500
34564500
34473000
36531500
38227500
39144500
39324500
37109000
33885000
29946500
26414500
25207000
24593000
24181000
23538500
23529500
25258000
28979500
35010000
36465000
36369500
36764500
36547000
37066000
37040500
37098500
37032000
37870500
38468500
38553000
37729500
35822500
33153000
29843000
26477500
25285500
24324500
23601500
22796500
22798000
23075000
24507000
26857000
29974500
32421000
33194500
33393000
33310000
32868000
32381000
32343000
33165500
34531000
35041000
34696000
32923500
30375000
28095500
25225500
23493000
23162500
23151000
22730000
22442500
22549000
23892500
25269500
26645500
28676500
30114000
30754500
30961000
30695000
30686000
31138500
32240000
33233000
33839500
33556500
31771500
29137000
25772500
22487000
20715500
20883500
20968000
21046000
21288500
23016500
27604000
33252500
34741500
34777500
34622000
35006000
35440500
35277000
34693500
34597500
36498000
37488000
38115000
37388500
34879500
32086000
29305500
23415500
21707500
21205000
21299000
21527500
21442000
22848000
27675500
33175000
33187500
32433000
33563000
34646500
35465000
35470000
35504500
35571000
37068500
38277500
38363500
38083000
35589000
32550000
28716000
25010500
23244000
23246000
23099500
23061500
23131000
24739500
28847500
33692500
34084000
34208500
34257500
35038500
35383000
35299000
35191500
35734500
37350000
37983500
38019000
37554500
34851500
31705000
27953500
24491000
22811500
22601500
22935500
22465500
22463000
23789000
27645000
33075500
33988500
33826500
33681500
34667500
35262500
34623500
35021500
34615500
36190000
36825000
37840000
37347500
34661500
32241500
28332000
24964500
22660500
22902500
22686000
21837500
21275500
22357500
25598500
30877500
32186000
32877500
33506500
33908000
34260500
33462000
33093000
33261500
34327000
35196000
35923500
35016000
32567000
29853000
26605000
24213500
22960500
22566000
22063000
21283500
21024000
21552000
22670500
25317500
28231000
30011000
30644000
30725000
30775500
30936000
30650500
30115500
30308500
31639500
32902000
31127500
28928500
26941000
24595000
22333000
21817500
21845000
21140500
20385000
20397500
20816500
22133500
24210500
26915500
29357500
31021500
31995000
33597000
33225000
32860000
33354000
34962000
36434000
37241500
36205500
33941500
30864500
27751500
24998500
24120000
23661000
23451500
23145000
23088000
24368000
28348000
35182000
37357000
38247000
38348500
38460500
39014000
38971500
38698000
38422000
39975000
41003500
41837500
40889000
37841000
34093500
30118000
26362000
24784500
24838500
24733000
24080000
24084000
25444000
29993000
34538000
35706000
36262500
37624000
37809500
38135000
37361000
36647500
36087500
38161000
39013000
40168000
39386000
36720500
33284000
29654000
25645500
24679500
24548000
24332500
23966500
24070000
25289000
30583000
36593500
37468000
37620000
38188500
39295000
39584000
38396000
37673000
37964500
39159500
40660000
41596000
41070500
38269000
34775500
30639000
27162000
25479000
25662500
25460500
24956000
25050500
26335000
30550500
36779000
37875000
37654000
30558000
23462000
37767000
38272000
38371000
38350000
39396500
40734000
41455500
40758500
38602000
35199500
30805000
26582500
24579500
24681500
24612500
24042500
23983000
25752500
29942500
35075000
37049500
36504000
36758500
37215500
37361000
36791500
36631500
36603000
38535500
39411000
39985000
38604500
36696000
33458000
29905500
26335500
23907000
24209000
24211500
23348500
22068000
23512500
24879500
27581000
30136500
31514500
32107500
30202500
31341500
31086000
30761500
30834000
32043000
33784000
35064500
33988000
31743500
29726000
27520000
24627000
22639000
22489000
22512500
21736000
21257000
21589500
22790000
23827000
26051000
27701000
29039500
29860500
30584500
30506500
30402500
31517500
32987000
33926000
34597000
33540000
31840000
29315000
26547500
23695500
22493000
22550000
22247000
21972500
21884000
22992500
27870500
34182000
36691000
36582500
36167500
36292500
36811500
36525500
36201000
36151500
37175500
38796500
40132000
38918000
36128500
32761500
28516500
24430000
22417000
22509000
22350000
21700000
21785500
23095500
27058000
32647500
34612000
35077000
34248500
34151000
34564500
34679000
34949000
35372000
36833000
38415500
39278500
38338500
35451000
31664500
27946500
24566000
23011000
22979000
23221500
22556500
22492000
23774000
27643000
33922000
36055000
36102000
35281000
35611000
36235000
37327500
37035500
36518000
37792500
39550500
40707500
39324000
36975000
33810000
29781500
26857000
25243500
24897000
24768000
24309500
24095000
25269000
29809500
36552500
37360500
37355500
37432000
37905000
38431500
38948500
38847000
38652500
38620500
40254500
41409500
39873000
37153500
33458500
29948500
25772000
23628500
24112000
24185000
23466500
23096500
24552000
28729000
33812500
36296000
36380500
36142500
37188000
36525000
36543000
36393000
36645000
36368000
38168500
39222000
37647000
35310500
32193000
29332500
25798000
23565500
23334000
23722000
23365500
22862500
23186000
25264500
28797500
31797000
32765000
33449500
33983000
34608000
34256500
34083500
33914500
35063000
37384000
38241500
36723500
34418000
31864000
29275000
26824000
24906500
24614000
24395500
24145000
24106500
23860000
24241000
25447500
27518500
30677500
32691000
33744500
34701000
35842000
36352000
36452000
37509000
39737000
42163000
40967000
39141500
36836000
33804000
30291000
27129500
26275500
25976000
25556000
25993000
25995000
28058500
32463000
38963000
41832000
43138500
43032500
42794500
42757500
42820500
42288500
42632000
43249500
46141500
45578000
43584500
40336500
38273500
34618000
28522500
28102000
28524500
28508000
27634000
27226000
29205000
34563000
40350000
42134000
41872500
42546500
42595500
42983500
42899500
42322500
42286000
44393000
47198500
46590500
44586500
41900500
38150500
34048500
29855000
29720500
29854000
28993000
28205500
28046500
29848500
35155000
39518500
41603500
42565500
43784500
43311000
43165500
42531500
42050500
41727500
43251500
45221000
43638000
42043000
39883000
36241000
32333000
29170500
28320000
28524000
28076000
27400000
27229000
28610500
32145000
37360500
39640500
40447500
41106000
41688000
41596500
41227500
41038000
41315000
42784500
44667500
44410000
43282000
40620000
36845500
32744500
29282000
28217500
28490000
28335500
27909500
27792500
28928500
32917500
38553500
41143000
42077000
41705500
41470000
40760500
39819000
39151500
38869000
40984500
43720000
42609000
40331000
37477000
34575000
31507500
26409000
25198000
24113500
23386000
22640500
21989000
22490500
24417000
27566500
29617000
31949500
32343000
32221500
32118500
31658500
31326000
31380000
33846000
36825500
35553000
32942000
30906000
29020500
27545000
24216000
23567500
23252000
22394500
22386500
22113000
22037500
23175500
24527500
27656500
31076000
32646000
33477500
34150500
34373000
34763500
35773000
38756500
40539500
39428000
37487500
35420000
32904500
29554500
26348500
26419000
26764500
25988000
25235000
25023500
26751500
31484000
37203500
38707500
40463500
40699000
40812000
40708500
39813500
39458000
39599000
42246000
44074500
43043500
41203500
38598500
34892000
31038500
27324000
26205500
25753500
25768500
25123500
24793500
26359000
30494500
35405500
36876500
37868500
37938500
38161000
37836500
37450000
37141000
37342000
39738000
42173000
41231000
39361000
36592000
32977500
28618000
25723000
25962000
25879000
25290000
24409500
23937000
24996000
29203500
34776500
36526000
37495000
37497000
37931000
37643500
36991000
36823500
37816000
41039500
43329500
42701000
41327000
38715000
34957000
31261500
27708000
27176000
26879500
26027000
25446500
25500500
26839000
30752000
36423000
38043500
37909500
38031000
38362500
38551500
37927000
37354000
38222500
41450000
43317000
42780000
40884500
37742500
33704000
29717500
26209500
25182500
24878000
24764500
24469000
24449000
25632500
30170500
35348000
37111500
37630500
37714500
37553500
37785000
37083500
36204500
36278000
38885000
40583000
39848000
37985000
34910500
31388500
28178000
25359500
24629000
24531500
24012000
23698000
23218500
23737000
25376000
28474500
31585000
33672500
34724500
34994000
35180500
34803000
34476500
34986500
37578500
40077500
39095500
37174000
34813000
32146500
30059500
27394500
27162500
26410000
25367000
24333500
23989500
23931000
25125000
26478000
29119000
31817500
33011000
33637000
34269000
33651000
33646000
34413500
37492000
40029500
38670500
36789000
34347000
31466000
28143500
25740000
25350000
25132000
24151000
23586500
23709000
25451500
29713000
35440000
37974000
38942500
39267000
39091000
38540000
39179500
39230500
38813000
41771500
44111500
43050000
40884500
37462500
33730000
29352000
26236000
24985500
25403500
24741500
24210500
24290500
25688000
30187000
35770000
37866000
38243000
38166000
37943500
37415500
37098500
37027500
37584000
41390000
43231000
42762000
40815000
37479500
33658000
29177500
25836000
24752000
24820000
24211500
23544000
23382000
24688000
29659500
34950000
36251500
36602500
36610500
35970000
36778500
36386000
36300000
37503000
40779000
43021500
42032500
40483000
37632500
33896000
29923000
26502000
25721000
25541500
25048500
24424000
24316000
25818500
30198000
35347500
37016000
38622000
38646000
38413500
38426000
38041000
37854000
38493250
41861000
43928000
43413500
41388000
39022000
35778000
31522500
28178000
27678500
27140500
26200000
25553000
25464000
26807000
31458000
36610000
38362500
38985500
39074500
39268500
39082000
38899500
38957500
39162000
41123000
42469500
41491500
39638500
36800500
33567000
30334500
27574500
27573500
26881500
25570500
24671500
24089000
24609000
26070500
28657500
31662500
33750000
34772500
34942000
34202500
33382000
32667500
32827000
36114000
38642500
37905000
35600000
33440500
31001500
28445500
25961000
25662000
25919000
24885500
23867000
23408000
23704000
25240000
26416000
29035000
31966500
33616500
34190500
34464000
34117500
34021000
34756000
38548000
40533500
39352500
37285500
35347500
32417500
28987000
26278500
26419000
26045500
25216500
24684000
24863500
26554000
31495000
37773500
40102500
41627500
42623500
42724500
42799000
42486000
42374000
41943000
44429500
45771500
45473500
43709000
41613000
38247500
34010500
29307000
27670500
27589000
26569500
26067500
26639500
27303500
32275500
38277000
41136500
42620500
43499500
43731000
44098500
43036500
43022000
43786000
46105500
46956000
46977000
45287000
42808500
39217500
34692000
31086500
30794000
29966000
28749000
28943500
29493500
31277500
35624500
41642000
43704000
44585500
45240000
45659000
45658000
45161500
44895500
45061000
45749500
46014500
47718000
46711000
44749500
40848000
36727500
33747500
33303000
31961000
30520000
29982000
31535000
33112000
37646500
43644500
45473000
46242000
45992000
45878500
45812000
45466000
45061500
44644000
46477500
46213000
45678000
45757500
43242500
39567500
35703500
33790000
32103500
31531500
29971500
29911500
30796500
32852000
36777000
41951500
43722000
44493500
44352500
44122000
44037500
43607500
43377500
43806500
45039000
45902500
45597500
43499500
40444000
36988500
33143500
29930000
29269000
28904000
28425000
27571000
26862000
26976000
28829500
31139000
34693000
37284000
37938000
37921000
38116500
38165500
37847000
38131000
40500000
42312500
41367000
38967000
36708500
34064500
31236000
28562000
28072000
27552500
26933000
26329000
26040000
26023500
27473500
28493000
30574000
33965500
36045500
36943000
37602000
37509500
37535000
38779500
42009500
43359000
42429000
39886500
37544500
34614500
31423000
28362000
28591500
29076500
28265500
27764500
27681500
28776500
34506000
41763000
44135500
44914000
45023500
44967500
44638500
44244500
44002500
44014000
45591500
46100000
45673500
44876000
42892000
39759500
35421000
30997500
30493000
30221000
29518500
28882000
28220000
30296000
35143000
40663000
42225000
43125500
43278500
43078500
43263000
43666000
44392000
45095500
46680500
46348500
46221500
43884500
40808500
36915500
32682500
28965000
28087000
27841500
27567000
27377500
26922500
27741500
31653000
36922500
38505500
39288500
39268000
39629000
39698500
39382000
39185500
39829000
42208500
43174000
42325000
40263500
37627500
33783500
29834000
26552500
26486500
26595000
26055000
25585000
25297000
25627000
30323500
36517500
37923000
38540500
38496500
38749500
38842500
37918500
37621000
38657000
41558500
42746500
41630000
39926500
37481000
33854500
29842500
26488000
26383000
26438000
25206500
24652000
24857500
25990000
30010000
36058000
37934500
38903000
38822000
38663000
38327000
37638500
37410000
38025000
41434000
42814500
42002500
40642000
38170500
35053500
32025500
28892500
27619000
26661000
25551000
25226500
24987500
25266000
27100000
30799500
34211500
36831000
37903500
37808500
37640500
37061000
36581500
37163500
39624500
40853000
40195500
38311000
35830000
32936000
30525000
27822000
26777000
25975500
24933000
24404500
23945500
24242000
25556500
26689000
28966500
31879500
33535000
34306000
35333500
34855500
34646000
35648500
38587500
39987000
39173000
36829000
34232500
31433500
28033500
25488000
24797500
25333000
24918500
24416000
23927500
25177000
29717500
37259500
39871000
40881000
41149000
41544500
41797500
41285500
41060000
41816500
45099500
46251000
45638500
43501000
41491500
38196500
34257500
30826000
29817500
29739000
29677000
29080000
29018500
30261000
34465500
41728000
43684000
44994000
44905500
44476000
44427000
43903500
43749500
44826000
46370500
46659000
46238000
45040500
42674500
38618500
34316000
30575000
29797000
29636000
30113500
29469500
29058500
29670000
33880500
39960500
41956000
43088500
43010500
43999500
44387500
44075500
43635000
44664000
46550500
46713000
46025500
44974000
42035000
37705000
33763000
29664000
28312500
28315000
27836500
27627500
27272500
28041500
31844000
37543500
38984500
39262500
39132000
39252000
39234500
39114000
39216500
40474000
43819000
44671000
43599500
42070000
39346500
35629000
31548500
27648500
26129500
26350500
25486500
24460000
23689000
24499500
28785500
34977000
37151000
38287000
38403000
38795500
38541500
37576000
36869000
37520500
41064500
42383500
41117000
38351500
35788000
32496500
29131000
26212500
25465500
24980000
25053500
24580000
23336000
23355000
24884500
26987000
30683000
33626000
34545500
34507000
34486000
34376000
34311500
35064000
38459000
39875500
38832500
36233000
33870500
31154000
28654500
26049000
25342500
25139000
24599500
24220000
23644000
24021500
24818500
25998500
28940000
32172500
34203500
35021500
35511500
35208000
35036500
36450500
40383000
41931500
40845000
39807000
37794000
34715000
31800000
29362000
29069000
29099000
28300500
28069000
27987000
29472000
33741000
40774000
42796000
43578500
43260000
43260000
44029500
44018000
43775000
44763500
46848000
46816500
46738500
45703500
43179500
39004000
34509000
30728500
29826000
30190500
30162000
29562000
29209000
30006000
34572500
41005500
42965000
43778000
33571000
34762750
35954500
42523500
42203500
42996000
45732000
46293000
46308000
45413500
42417500
38393500
34193500
30512000
29802500
29501500
28854500
28113500
27926500
28023500
34296000
41097500
42886500
43098500
43203000
43161500
43078500
42326500
42068500
42173000
44173000
44438500
43788000
42989000
40645500
36457000
32108500
28435000
27461000
27337000
27185000
26606500
26011000
26806000
32812000
40664500
42690000
43535500
43947000
43980500
43919000
42465500
41892000
43023500
45093500
45145000
45385500
44774500
42615500
39108500
34811000
31054500
30741500
30960000
30278000
29841000
29501500
30228500
36281500
42547500
44582500
46094500
46144000
46400000
46294500
45459500
44753500
44825000
45521000
45193000
44973500
44357500
41431500
38644500
34175500
30181000
29123000
28732000
28151500
27590000
26815000
26708000
28460000
31303500
34414000
37385500
38783500
39205000
39532500
39650500
39740000
40677500
42592000
43614000
42052000
39240500
36834000
34407500
31370000
28589000
27949000
27535000
27104000
26661500
26127500
25882000
27263500
28939000
32096000
35665000
37887500
39131000
39644500
39540000
39665000
41016500
43840000
44752000
43751500
41492500
38997000
35925000
32533500
30036000
29183500
29311500
29129500
28256500
28023000
29307500
34027500
40908000
43248000
44454500
43957000
44594000
44552000
43610000
43073500
43930500
45400000
45191000
44780500
42910500
39803000
35831500
31315000
27618000
26852500
27177500
26278000
25211500
24564500
25105000
30167000
36336500
38521000
39383000
39715000
40292000
40537500
40704500
40853000
42141500
45089500
46190500
45592500
43754500
41236000
37242000
33005000
29360500
28311500
28097500
27685500
27255500
27162000
28382500
32963000
39110500
40724000
41410000
42080500
41863500
41445000
40574000
40445500
41300500
44265500
45300500
44485500
42877000
40181500
36727500
32654500
28866500
28093500
27867500
27530500
26704000
26601000
28225500
32472000
38305000
40481500
40948000
40776000
40648000
40210000
39663500
39777000
40572500
42975000
44255500
43547000
42212000
40205000
36707000
33031500
29929000
28795000
28759500
28267500
27537000
27277500
27722500
31198500
36615500
38416500
39059000
39162000
39269000
38980000
38787500
38485500
38880000
41088000
42284000
40974500
39701000
37045000
33953500
30621000
27508000
26509000
25505500
24693000
24536500
23895000
24428500
25564000
28064000
30842500
33368000
34040500
34290000
34301000
33847500
33687500
34853000
37976500
39369000
39064500
37636500
35595000
32909500
30600500
28286000
27502000
27077500
26281000
25899000
25530000
25584000
26157500
27348500
30160000
33422000
35548500
36781000
37358000
37254000
37088500
37890500
39909500
40929500
40253500
38710500
36743500
34047500
31336500
28582500
27745500
27142000
27012000
27294000
26905000
27084000
28493000
31977000
34955500
37734500
39064500
39436500
39404000
38585500
37721000
37903000
40590500
41509000
40273000
38337000
36091500
33501000
30802500
27879500
26548500
26297000
26139500
25607000
24961500
25026000
26600000
28034500
30692000
33865000
35609500
36813500
37884000
37584000
35905000
33844000
32933500
31992000
30836000
30071500
29362500
28062500
26553500
24871000
24602500
24859000
23829000
23091000
22827500
22761000
23454000
24438500
26581000
29618000
31810500
32815500
33512500
33465500
32998500
33418000
35327500
36022500
35209000
34217000
32815000
30686000
28674000
26421500
26382000
26260500
25828000
25609500
25576500
25162500
26624500
29740500
33254500
35921000
37387500
38233000
38522000
38198500
37829000
38339000
40874000
42166000
41287000
39714000
37599000
34283500
31357000
28185000
27084000
26508000
26510000
25718000
25160000
25750000
26916000
29706500
32227000
35600500
37077000
37531000
37793000
37579500
37269500
38112500
40236000
41459500
40658000
38691000
35934000
32769000
29831000
26797500
25359500
24398000
23246500
23055500
22157000
22123500
23243500
24937500
26622500
29529500
31655000
32826000
33279000
33045000
32925500
34120000
37483000
39344000
38399500
36591000
35242000
32870000
30444000
27729500
26630500
25543500
24544000
24686500
24520500
24223000
25023500
25559500
27117000
30410000
32823000
33955500
34817000
34691000
34502000
35321000
37954500
39175500
38130500
36250000
33853500
31328500
28845000
26106000
25018500
24846500
24424000
23913500
23304000
23750000
25269000
27179500
29717500
32542500
34448500
34675500
35192500
35119500
34994000
35463500
37937500
39007500
37380500
34505000
31608500
28935500
27176000
25957000